22 serialization::archive 10 0 1 0
0 0 0 1 0
1 0 0 3 0 0 147 0 0 0 8 ruleExec 0 0 0 0 1 -1000000000 0 0 139650584729084 140736335600256 0 0 0 2 0 0 0 14 ruleExec_attr1 5 14 ruleExec_attr2 8 0 0 16 0 0 0 0 0 13 1 0
2
3 1 150 0 13 2 0 0 2 0 0 0 14 ruleExec_attr1 0 0 17 1 0
4
5 2 1 0 17 4 0 0 20 1 0
6 0 0 0 0 2 5 0 0 167837953 0 0 23 1 0
7 1 4 14 ruleExec_attr1 14 ruleExec_attr2 17
8
9 2 1 0 17 8 19 1 0
10 2 8 0 0 160 0001100001110010110110110000101010110000101010010001011110100110111101010011001000010111000001101100101000101100010111100011110011010111001101100101101100111000 23
11 1 4 14 ruleExec_attr2 1 0 24108464 139650584706267 1 13
12
13 1 150 0 13 12 4 0 14 ruleExec_attr1 17 4 14 ruleExec_attr2 17 8 14 ruleExec_attr3 17
14
15 1 1 0 17 14 23
16 2 4 2 r5 23
17 1 4 14 ruleExec_attr3 14 ruleExec_attr4 17
18
19 1 1 0 17 18 18 1 0
20 2 7 0 0 1 0 19
21 2 8 160 1101011111011011000100110101010011000000011100101011001011010110010101100101101000110110000100010111101010100010000011111000111011010111011000100110000010100000 23
22 1 4 14 ruleExec_attr4 1 3651000000 24111760 139650584706267 1 13
23
24 1 150 0 13 23 2 0 14 ruleExec_attr1 17
25
26 2 1 0 17 25 20
27 2 5 167837953 23
28 1 4 14 ruleExec_attr1 14 ruleExec_attr2 17
29
30 2 1 0 17 29 19
31 2 8 160 0010010100110010100101001010110110010011001000101000010111111000011111010100111010000001010000110100011001111110100001000110000110000110101100111110110100101000 23
32 1 4 14 ruleExec_attr2 1 0 25256832 25008848 1 13
33
34 1 150 0 13 33 4 0 14 ruleExec_attr1 17 25 14 ruleExec_attr2 17 29 14 ruleExec_attr3 17
35
36 1 1 0 17 35 23
37 2 4 2 r5 23
38 1 4 14 ruleExec_attr3 14 ruleExec_attr4 17
39
40 1 1 0 17 39 18
41 2 7 1 0 19
42 2 8 160 1100000111001100111111001010110011000100110001010111011101110000100010110100100001110110011010101110001100000111110000000110101000000110011110001100110011001111 23
43 1 4 14 ruleExec_attr4 1 3581000000 24111760 139650584706267 1 13
44
45 1 150 0 13 44 2 0 14 ruleExec_attr1 17
46
47 2 1 0 17 46 20
48 2 5 167837953 23
49 1 4 14 ruleExec_attr1 14 ruleExec_attr2 17
50
51 2 1 0 17 50 19
52 2 8 160 0100001101011001010011110101001010011101010100001101010100010011100100010000110111100110111010111100010100000111011011100001001000000111100110100011110110100010 23
53 1 4 14 ruleExec_attr2 1 0 3544386989777301809 3544668464753946929 1 13
54
55 1 150 0 13 54 4 0 14 ruleExec_attr1 17 46 14 ruleExec_attr2 17 50 14 ruleExec_attr3 17
56
57 1 1 0 17 56 23
58 2 4 2 r5 23
59 1 4 14 ruleExec_attr3 14 ruleExec_attr4 17
60
61 1 1 0 17 60 18
62 2 7 1 0 19
63 2 8 160 1101011110011001001110001111101011000111011001101000101101111000011001101101110011000011101101110110010111110100111111000000001101111101100010101101011101010100 23
64 1 4 14 ruleExec_attr4 1 4468000000 24111760 139650584706267 1 13
65
66 1 150 0 13 65 2 0 14 ruleExec_attr1 17
67
68 2 1 0 17 67 20
69 2 5 167837953 23
70 1 4 14 ruleExec_attr1 14 ruleExec_attr2 17
71
72 2 1 0 17 71 19
73 2 8 160 0110011110000110010101101110001101011110010010001011101011101100101011101010111111011111010000101011110011110110101101001000010100100101000100001000010010100010 23
74 1 4 14 ruleExec_attr2 1 0 24121248 1099511628032 1 13
75
76 1 150 0 13 75 4 0 14 ruleExec_attr1 17 67 14 ruleExec_attr2 17 71 14 ruleExec_attr3 17
77
78 1 1 0 17 77 23
79 2 4 2 r1 23
80 1 4 14 ruleExec_attr3 14 ruleExec_attr4 17
81
82 1 1 0 17 81 18
83 2 7 1 0 19
84 2 8 160 0000001001010100111111101101010000100001000100001111001010010011110101101111001100011111101000110111000110110010011101010000011101010101101011000000010000100001 23
85 1 4 14 ruleExec_attr4 1 1383000000 24111760 139650584706267 1 13
86
87 1 150 0 13 86 2 0 14 ruleExec_attr1 17
88
89 2 1 0 17 88 20
90 2 5 167837953 23
91 1 4 14 ruleExec_attr1 14 ruleExec_attr2 17
92
93 2 1 0 17 92 19
94 2 8 160 0110110000010001100010000100110010010110001101001000100110010000110000001111001000111010110001011111100011001001001110001011111000001100011101110011100000111001 23
95 1 4 14 ruleExec_attr2 1 0 3544386989777301808 3472329395756151089 1 13
96
97 1 150 0 13 96 4 0 14 ruleExec_attr1 17 88 14 ruleExec_attr2 17 92 14 ruleExec_attr3 17
98
99 1 1 0 17 98 23
100 2 4 2 r4 23
101 1 4 14 ruleExec_attr3 14 ruleExec_attr4 17
102
103 1 1 0 17 102 18
104 2 7 1 0 19
105 2 8 160 1101011110011001001110001111101011000111011001101000101101111000011001101101110011000011101101110110010111110100111111000000001101111101100010101101011101010100 23
106 1 4 14 ruleExec_attr4 1 4493000000 24111760 139650584706267 1 13
107
108 1 150 0 13 107 2 0 14 ruleExec_attr1 17
109
110 2 1 0 17 109 20
111 2 5 167837953 23
112 1 4 14 ruleExec_attr1 14 ruleExec_attr2 17
113
114 2 1 0 17 113 19
115 2 8 160 0110111010001101111001111110110001000100000011110010110010111100011110000111010000100100101000000110111000100001000101001111001001101000001100001110011001110101 23
116 1 4 14 ruleExec_attr2 1 0 24108464 139650584706267 1 13
117
118 1 150 0 13 117 4 0 14 ruleExec_attr1 17 109 14 ruleExec_attr2 17 113 14 ruleExec_attr3 17
119
120 1 1 0 17 119 23
121 2 4 2 r3 23
122 1 4 14 ruleExec_attr3 14 ruleExec_attr4 17
123
124 1 1 0 17 123 18
125 2 7 1 0 19
126 2 8 160 0100101011010111101110011111101000110100110101001010100111111100011101001101001010111001110010001110010000010111010111000100001011100110111101001010110011010000 23
127 1 4 14 ruleExec_attr4 1 2754000000 24111760 139650584706267 1 13
128
129 1 150 0 13 128 2 0 14 ruleExec_attr1 17
130
131 2 1 0 17 130 20
132 2 5 167837953 23
133 1 4 14 ruleExec_attr1 14 ruleExec_attr2 17
134
135 2 1 0 17 134 19
136 2 8 160 1000010010001000111111100110101111011010000010111101111101111111100011100110110111000010001101100010001100110111100011001111010100110010011110111101101000000110 23
137 1 4 14 ruleExec_attr2 1 0 25135680 25244112 1 13
138
139 1 150 0 13 138 4 0 14 ruleExec_attr1 17 130 14 ruleExec_attr2 17 134 14 ruleExec_attr3 17
140
141 1 1 0 17 140 23
142 2 4 2 r6 23
143 1 4 14 ruleExec_attr3 14 ruleExec_attr4 17
144
145 1 1 0 17 144 18
146 2 7 2 0 19
147 2 8 160 1100100000010110000001101110111111000110010101001111001110000010110000101011111110000001101010000010110011101101101111000100100101011011010101110011000100110011 19
148 2 8 160 1110001001010000001101010001001110000111000010111101011011001101111001011011101010010011111010111110010111000111110010001010010100000011011111111000111100101001 23
149 1 4 14 ruleExec_attr4 1 4428000000 24111760 139650584706267 1 13
150
151 1 150 0 13 150 2 0 14 ruleExec_attr1 17
152
153 2 1 0 17 152 20
154 2 5 167837953 23
155 1 4 14 ruleExec_attr1 14 ruleExec_attr2 17
156
157 2 1 0 17 156 19
158 2 8 160 1000010101101011000100110101011111111011111111111100000111101010111001101001110000111000100000011101111110010100000001010100001110010111010001110011011100101011 23
159 1 4 14 ruleExec_attr2 1 0 24108464 139650584706267 1 13
160
161 1 150 0 13 160 4 0 14 ruleExec_attr1 17 152 14 ruleExec_attr2 17 156 14 ruleExec_attr3 17
162
163 1 1 0 17 162 23
164 2 4 2 r5 23
165 1 4 14 ruleExec_attr3 14 ruleExec_attr4 17
166
167 1 1 0 17 166 18
168 2 7 1 0 19
169 2 8 160 1111010001010011011100100110011100010111010100110101001000111000101110111110011011100000110111000011101111111010001110011001011010001100011100000111110001010000 23
170 1 4 14 ruleExec_attr4 1 4646000000 24111760 139650584706267 1 13
171
172 1 150 0 13 171 2 0 14 ruleExec_attr1 17
173
174 2 1 0 17 173 20
175 2 5 167837953 23
176 1 4 14 ruleExec_attr1 14 ruleExec_attr2 17
177
178 2 1 0 17 177 19
179 2 8 160 1000101100001000011001000100000011100010110101010001011011100010011010100000100100110000111000011101011011110011110111110100000111110110101000111100111101000111 23
180 1 4 14 ruleExec_attr2 1 0 24108464 139650584706267 1 13
181
182 1 150 0 13 181 4 0 14 ruleExec_attr1 17 173 14 ruleExec_attr2 17 177 14 ruleExec_attr3 17
183
184 1 1 0 17 183 23
185 2 4 2 r2 23
186 1 4 14 ruleExec_attr3 14 ruleExec_attr4 17
187
188 1 1 0 17 187 18
189 2 7 2 0 19
190 2 8 160 1111001010110000001001000000110100010010110011000101010010001010100101110011001000000010010100001010010000011000111101000111011101000011110011101111010101000111 19
191 2 8 160 1010001111000100000111011001101000101010011011111000000100110001000110110111100001110110101001010001000101111111010110001101111010011010011101101000001110101101 23
192 1 4 14 ruleExec_attr4 1 2046000000 24111760 139650584706267 1 13
193
194 1 150 0 13 193 2 0 14 ruleExec_attr1 17
195
196 2 1 0 17 195 20
197 2 5 167837953 23
198 1 4 14 ruleExec_attr1 14 ruleExec_attr2 17
199
200 2 1 0 17 199 19
201 2 8 160 1001000011100001010010111011000011001010110011101000010010011110101101100011000010010000000101001011010101011100100011000000011001111010100001111111001111010011 23
202 1 4 14 ruleExec_attr2 1 0 8070461527364207616 6845601177837531648 1 13
203
204 1 150 0 13 203 4 0 14 ruleExec_attr1 17 195 14 ruleExec_attr2 17 199 14 ruleExec_attr3 17
205
206 1 1 0 17 205 23
207 2 4 2 r4 23
208 1 4 14 ruleExec_attr3 14 ruleExec_attr4 17
209
210 1 1 0 17 209 18
211 2 7 1 0 19
212 2 8 160 0110001011011001011000000110011011100110111010101010011110110100000101011111111100001011101000010011101010100000010011111011001111011101110001100000011011010110 23
213 1 4 14 ruleExec_attr4 1 4085000000 24111760 139650584706267 1 13
214
215 1 150 0 13 214 2 0 14 ruleExec_attr1 17
216
217 2 1 0 17 216 20
218 2 5 167837953 23
219 1 4 14 ruleExec_attr1 14 ruleExec_attr2 17
220
221 2 1 0 17 220 19
222 2 8 160 1001010000100100001100110101101001011110110011011110111011110001100100000000101111110000100010110011110110100010010011101101111000100100010100110100111011000001 23
223 1 4 14 ruleExec_attr2 1 0 24108464 139650584706267 1 13
224
225 1 150 0 13 224 4 0 14 ruleExec_attr1 17 216 14 ruleExec_attr2 17 220 14 ruleExec_attr3 17
226
227 1 1 0 17 226 23
228 2 4 2 r4 23
229 1 4 14 ruleExec_attr3 14 ruleExec_attr4 17
230
231 1 1 0 17 230 18
232 2 7 1 0 19
233 2 8 160 1100000111001100111111001010110011000100110001010111011101110000100010110100100001110110011010101110001100000111110000000110101000000110011110001100110011001111 23
234 1 4 14 ruleExec_attr4 1 3475000000 24111760 139650584706267 1 13
235
236 1 150 0 13 235 2 0 14 ruleExec_attr1 17
237
238 2 1 0 17 237 20
239 3 5 167837953 23
240 1 4 14 ruleExec_attr1 14 ruleExec_attr2 17
241
242 2 1 0 17 241 19
243 3 8 160 1010111001110100000011100001101001000000100100010010100010001010000001000001101010001100100110110101000111100110100110001110100011011001010010111001001101100100 23
244 1 4 14 ruleExec_attr2 1 0 7018143388703945516 3905797561225867120 1 13
245
246 1 150 0 13 245 4 0 14 ruleExec_attr1 17 237 14 ruleExec_attr2 17 241 14 ruleExec_attr3 17
247
248 1 1 0 17 247 23
249 2 4 2 r7 23
250 1 4 14 ruleExec_attr3 14 ruleExec_attr4 17
251
252 1 1 0 17 251 18
253 2 7 1 0 19
254 2 8 160 0100010110001000010110111101011111101000100000010000110001001001001101000110010010001001111111101000111100010101101101101001101110110100001001000000101110001100 23
255 1 4 14 ruleExec_attr4 1 4700000000 24111760 139650584706267 1 13
256
257 1 150 0 13 256 2 0 14 ruleExec_attr1 17
258
259 2 1 0 17 258 20
260 2 5 167837953 23
261 1 4 14 ruleExec_attr1 14 ruleExec_attr2 17
262
263 2 1 0 17 262 19
264 2 8 160 1101010001101111110000000111011000110101110110000111111010111101101110011111101111110111110100110010010101000011111110011101100011111000001010000100101000011000 23
265 1 4 14 ruleExec_attr2 1 0 24108464 139650584706267 1 13
266
267 1 150 0 13 266 4 0 14 ruleExec_attr1 17 258 14 ruleExec_attr2 17 262 14 ruleExec_attr3 17
268
269 1 1 0 17 268 23
270 2 4 2 r4 23
271 1 4 14 ruleExec_attr3 14 ruleExec_attr4 17
272
273 1 1 0 17 272 18
274 2 7 1 0 19
275 2 8 160 1101011111011011000100110101010011000000011100101011001011010110010101100101101000110110000100010111101010100010000011111000111011010111011000100110000010100000 23
276 1 4 14 ruleExec_attr4 1 3986000000 24111760 139650584706267 1 13
277
278 1 150 0 13 277 2 0 14 ruleExec_attr1 17
279
280 2 1 0 17 279 20
281 2 5 167837953 23
282 1 4 14 ruleExec_attr1 14 ruleExec_attr2 17
283
284 2 1 0 17 283 19
285 2 8 160 1110110000110010110000100001010100100110111110101100011101101000100101101011010110001001110000111100011011111000011001000010111011111000101100010110001001100000 23
286 1 4 14 ruleExec_attr2 1 0 3544386989777301809 3544668464753946929 1 13
287
288 1 150 0 13 287 4 0 14 ruleExec_attr1 17 279 14 ruleExec_attr2 17 283 14 ruleExec_attr3 17
289
290 1 1 0 17 289 23
291 2 4 2 r5 23
292 1 4 14 ruleExec_attr3 14 ruleExec_attr4 17
293
294 1 1 0 17 293 18
295 2 7 1 0 19
296 2 8 160 0110001011011001011000000110011011100110111010101010011110110100000101011111111100001011101000010011101010100000010011111011001111011101110001100000011011010110 23
297 1 4 14 ruleExec_attr4 1 4471000000 24111760 139650584706267 1 13
298
299 1 150 0 13 298 2 0 14 ruleExec_attr1 17
300
301 2 1 0 17 300 20
302 3 5 167837953 23
303 1 4 14 ruleExec_attr1 14 ruleExec_attr2 17
304
305 2 1 0 17 304 19
306 3 8 160 1110110011011101011110000001110010001110101100110110001101101001101101011001100011100101111101110001110101000011111010001001010110000000101101110000100011100110 23
307 1 4 14 ruleExec_attr2 1 0 24108464 139650584706267 1 13
308
309 1 150 0 13 308 4 0 14 ruleExec_attr1 17 300 14 ruleExec_attr2 17 304 14 ruleExec_attr3 17
310
311 1 1 0 17 310 23
312 2 4 2 r7 23
313 1 4 14 ruleExec_attr3 14 ruleExec_attr4 17
314
315 1 1 0 17 314 18
316 2 7 1 0 19
317 2 8 160 1101010011011101111011000011101000011011011001010111101000110011100010010000111011100111100000101111010011011001101111111100110011000100111100010100011011101110 23
318 1 4 14 ruleExec_attr4 1 4857000000 24111760 139650584706267 1 13
319
320 1 150 0 13 319 2 0 14 ruleExec_attr1 17
321
322 2 1 0 17 321 20
323 2 5 167837953 23
324 1 4 14 ruleExec_attr1 14 ruleExec_attr2 17
325
326 2 1 0 17 325 19
327 2 8 160 1111010001011011000101100011111100001100000101001010001000101111010100000100010111000001110111110000110110000000100011001101100001101111100100111000010000000011 23
328 1 4 14 ruleExec_attr2 1 0 3688788274214954041 7090132997465190713 1 13
329
330 1 150 0 13 329 4 0 14 ruleExec_attr1 17 321 14 ruleExec_attr2 17 325 14 ruleExec_attr3 17
331
332 1 1 0 17 331 23
333 2 4 2 r6 23
334 1 4 14 ruleExec_attr3 14 ruleExec_attr4 17
335
336 1 1 0 17 335 18
337 2 7 2 0 19
338 2 8 160 0000011110100011011010011111110100010010001010100111101111010010001111100100010110101101000011010010010011101100010101111001111101101001111001110111111001101000 19
339 2 8 160 1110001001010000001101010001001110000111000010111101011011001101111001011011101010010011111010111110010111000111110010001010010100000011011111111000111100101001 23
340 1 4 14 ruleExec_attr4 1 4265000000 24111760 139650584706267 1 0
341
342 3 147 0 0 341 4 prov 1 -1000000000 139650584729084 140736335600256 0 3 0 10 prov_attr1 5 10 prov_attr2 8 10 prov_attr3 8 117 0 13
343
344 1 150 0 13 343 3 0 10 prov_attr1 17
345
346 2 1 0 17 345 20
347 3 5 167837953 23
348 1 4 10 prov_attr1 10 prov_attr2 17
349
350 2 1 0 17 349 19
351 3 8 160 0000001001010100111111101101010000100001000100001111001010010011110101101111001100011111101000110111000110110010011101010000011101010101101011000000010000100001 23
352 1 4 10 prov_attr2 10 prov_attr3 17
353
354 2 1 0 17 353 19 351 23
355 1 4 10 prov_attr3 1 0 8367743294565003316 8028074707559738469 1 13
356
357 1 150 0 13 356 4 0 10 prov_attr1 17 345 10 prov_attr2 17 349 10 prov_attr3 17 353 10 prov_attr4 17
358
359 1 1 0 17 358 20 347 23
360 1 4 10 prov_attr4 1 1000000000 24108464 139650584706267 1 13
361
362 1 150 0 13 361 3 0 10 prov_attr1 17
363
364 2 1 0 17 363 20
365 3 5 167837953 23
366 1 4 10 prov_attr1 10 prov_attr2 17
367
368 2 1 0 17 367 19
369 3 8 160 0000001111000001001010011000010110001101100111101001101000101101011010010101100011010110110101101100111011100101111111101101111111110110010001000010000001100010 23
370 1 4 10 prov_attr2 10 prov_attr3 17
371
372 2 1 0 17 371 19 369 23
373 1 4 10 prov_attr3 1 0 3546361738396969317 139650565013554 1 13
374
375 1 150 0 13 374 4 0 10 prov_attr1 17 363 10 prov_attr2 17 367 10 prov_attr3 17 371 10 prov_attr4 17
376
377 1 1 0 17 376 20 365 23
378 1 4 10 prov_attr4 1 2000000000 24108464 139650584706267 1 13
379
380 1 150 0 13 379 3 0 10 prov_attr1 17
381
382 2 1 0 17 381 20
383 3 5 167837953 23
384 1 4 10 prov_attr1 10 prov_attr2 17
385
386 2 1 0 17 385 19
387 3 8 160 0000010110011100010000010001010100100110110011101101100010100000000011101000011010100001100010111000111111100001100010001110101011110011011000001011011101111100 23
388 1 4 10 prov_attr2 10 prov_attr3 17
389
390 2 1 0 17 389 19 387 23
391 1 4 10 prov_attr3 1 0 3472889047044025961 7016449890627695154 1 13
392
393 1 150 0 13 392 4 0 10 prov_attr1 17 381 10 prov_attr2 17 385 10 prov_attr3 17 389 10 prov_attr4 17
394
395 1 1 0 17 394 20 383 23
396 1 4 10 prov_attr4 1 2000000000 24108464 139650584706267 1 13
397
398 1 150 0 13 397 3 0 10 prov_attr1 17
399
400 2 1 0 17 399 20
401 3 5 167837953 23
402 1 4 10 prov_attr1 10 prov_attr2 17
403
404 2 1 0 17 403 19
405 3 8 160 0000011001110001101101011000101000000011011001001000010111110111001000000011101001010111011100100111111111100000000000001100001010101011001100010010101011011011 23
406 1 4 10 prov_attr2 10 prov_attr3 17
407
408 2 1 0 17 407 19 405 23
409 1 4 10 prov_attr3 1 0 8389759023053435508 3328205653217210978 1 13
410
411 1 150 0 13 410 4 0 10 prov_attr1 17 399 10 prov_attr2 17 403 10 prov_attr3 17 407 10 prov_attr4 17
412
413 1 1 0 17 412 20 401 23
414 1 4 10 prov_attr4 1 2000000000 24108464 139650584706267 1 13
415
416 1 150 0 13 415 3 0 10 prov_attr1 17
417
418 2 1 0 17 417 20
419 3 5 167837953 23
420 1 4 10 prov_attr1 10 prov_attr2 17
421
422 2 1 0 17 421 19
423 3 8 160 0000011110100011011010011111110100010010001010100111101111010010001111100100010110101101000011010010010011101100010101111001111101101001111001110111111001101000 23
424 1 4 10 prov_attr2 10 prov_attr3 17
425
426 2 1 0 17 425 19 423 23
427 1 4 10 prov_attr3 1 0 3472329395739373617 3544386994088980529 1 13
428
429 1 150 0 13 428 4 0 10 prov_attr1 17 417 10 prov_attr2 17 421 10 prov_attr3 17 425 10 prov_attr4 17
430
431 1 1 0 17 430 20 419 23
432 1 4 10 prov_attr4 1 2000000000 24108464 139650584706267 1 13
433
434 1 150 0 13 433 3 0 10 prov_attr1 17
435
436 2 1 0 17 435 20
437 3 5 167837953 23
438 1 4 10 prov_attr1 10 prov_attr2 17
439
440 2 1 0 17 439 19
441 3 8 160 0000100001101111110000100000110011011010111101110101110010011010010010101001011001001001101000111011001000010111000000000101111100100111000010001000011101000100 23
442 1 4 10 prov_attr2 10 prov_attr3 17
443
444 2 1 0 17 443 19 441 23
445 1 4 10 prov_attr3 1 0 25157592 33 1 13
446
447 1 150 0 13 446 4 0 10 prov_attr1 17 435 10 prov_attr2 17 439 10 prov_attr3 17 443 10 prov_attr4 17
448
449 1 1 0 17 448 20 437 23
450 1 4 10 prov_attr4 1 2000000000 24108464 139650584706267 1 13
451
452 1 150 0 13 451 3 0 10 prov_attr1 17
453
454 2 1 0 17 453 20
455 3 5 167837953 23
456 1 4 10 prov_attr1 10 prov_attr2 17
457
458 2 1 0 17 457 19
459 3 8 160 0000111001110110010111011110111010111100101011011001001111000011011011011001010100111001000110100001001001111001000100101101010000100000111001010011001000100101 23
460 1 4 10 prov_attr2 10 prov_attr3 17
461
462 2 1 0 17 461 19 459 23
463 1 4 10 prov_attr3 1 0 25091104 25296176 1 13
464
465 1 150 0 13 464 4 0 10 prov_attr1 17 453 10 prov_attr2 17 457 10 prov_attr3 17 461 10 prov_attr4 17
466
467 1 1 0 17 466 20 455 23
468 1 4 10 prov_attr4 1 2000000000 24108464 139650584706267 1 13
469
470 1 150 0 13 469 3 0 10 prov_attr1 17
471
472 2 1 0 17 471 20
473 3 5 167837953 23
474 1 4 10 prov_attr1 10 prov_attr2 17
475
476 2 1 0 17 475 19
477 3 8 160 0001000110000000010101010000000011110000110101100101000001101100110010000001010000110101110010111010011001011100010001100101100111010011111101111100101111110001 23
478 1 4 10 prov_attr2 10 prov_attr3 17
479
480 2 1 0 17 479 19 477 23
481 1 4 10 prov_attr3 1 0 3544385890265673777 3472610875011051569 1 13
482
483 1 150 0 13 482 4 0 10 prov_attr1 17 471 10 prov_attr2 17 475 10 prov_attr3 17 479 10 prov_attr4 17
484
485 1 1 0 17 484 20 473 23
486 1 4 10 prov_attr4 1 2000000000 24108464 139650584706267 1 13
487
488 1 150 0 13 487 3 0 10 prov_attr1 17
489
490 2 1 0 17 489 20
491 3 5 167837953 23
492 1 4 10 prov_attr1 10 prov_attr2 17
493
494 2 1 0 17 493 19
495 3 8 160 0001001011010000000111000111010011101000110101111011011110000001000101110111100011010011001111010100100001111101100111111100010111110001000111100110000010011101 23
496 1 4 10 prov_attr2 10 prov_attr3 17
497
498 2 1 0 17 497 19 495 23
499 1 4 10 prov_attr3 1 0 120259084544 4398046511360 1 13
500
501 1 150 0 13 500 4 0 10 prov_attr1 17 489 10 prov_attr2 17 493 10 prov_attr3 17 497 10 prov_attr4 17
502
503 1 1 0 17 502 20 491 23
504 1 4 10 prov_attr4 1 2000000000 24108464 139650584706267 1 13
505
506 1 150 0 13 505 3 0 10 prov_attr1 17
507
508 2 1 0 17 507 20
509 3 5 167837953 23
510 1 4 10 prov_attr1 10 prov_attr2 17
511
512 2 1 0 17 511 19
513 3 8 160 0001010011001000001101100000011001010010110010001011011111001111100010100011101001000010010100011011101010111011010001100011010001101100111000110101111110100011 23
514 1 4 10 prov_attr2 10 prov_attr3 17
515
516 2 1 0 17 515 19 513 23
517 1 4 10 prov_attr3 1 0 7883951620972901164 3905245597911315301 1 13
518
519 1 150 0 13 518 4 0 10 prov_attr1 17 507 10 prov_attr2 17 511 10 prov_attr3 17 515 10 prov_attr4 17
520
521 1 1 0 17 520 20 509 23
522 1 4 10 prov_attr4 1 2000000000 24108464 139650584706267 1 13
523
524 1 150 0 13 523 3 0 10 prov_attr1 17
525
526 2 1 0 17 525 20
527 3 5 167837953 23
528 1 4 10 prov_attr1 10 prov_attr2 17
529
530 2 1 0 17 529 19
531 2 8 160 0001101101111110001011001100001010111001111111110010100100001001000110110011110110001001001011110000100011000010100101100101110111011001011101011011001110000101 23
532 1 4 10 prov_attr2 10 prov_attr3 17
533
534 2 1 0 17 533 19
535 2 8 160 0001100001110010110110110000101010110000101010010001011110100110111101010011001000010111000001101100101000101100010111100011110011010111001101100101101100111000 23
536 1 4 10 prov_attr3 1 0 25085088 25294528 1 13
537
538 1 150 0 13 537 4 0 10 prov_attr1 17 525 10 prov_attr2 17 529 10 prov_attr3 17 533 10 prov_attr4 17
539
540 1 1 0 17 539 20
541 2 5 167837953 23
542 1 4 10 prov_attr4 1 3841000000 24108464 139650584706267 1 13
543
544 1 150 0 13 543 3 0 10 prov_attr1 17
545
546 2 1 0 17 545 20
547 3 5 167837953 23
548 1 4 10 prov_attr1 10 prov_attr2 17
549
550 2 1 0 17 549 19
551 3 8 160 0001110011111111000010011100011010011100011110010011101001011101100110001111000011011001101111011010111011101110110100010011100111000101010011101001001111010010 23
552 1 4 10 prov_attr2 10 prov_attr3 17
553
554 2 1 0 17 553 19 551 23
555 1 4 10 prov_attr3 1 0 3472610870732861744 3544385894560575537 1 13
556
557 1 150 0 13 556 4 0 10 prov_attr1 17 545 10 prov_attr2 17 549 10 prov_attr3 17 553 10 prov_attr4 17
558
559 1 1 0 17 558 20 547 23
560 1 4 10 prov_attr4 1 2000000000 24108464 139650584706267 1 13
561
562 1 150 0 13 561 3 0 10 prov_attr1 17
563
564 2 1 0 17 563 20
565 3 5 167837953 23
566 1 4 10 prov_attr1 10 prov_attr2 17
567
568 2 1 0 17 567 19
569 3 8 160 0010001110001101101110100001110000001011111011010001011010011110011110100100101010000110101101111001000100101101101101100010111101000111000110111001101110101011 23
570 1 4 10 prov_attr2 10 prov_attr3 17
571
572 2 1 0 17 571 19 569 23
573 1 4 10 prov_attr3 1 0 3472329395756150833 3472609775516135728 1 13
574
575 1 150 0 13 574 4 0 10 prov_attr1 17 563 10 prov_attr2 17 567 10 prov_attr3 17 571 10 prov_attr4 17
576
577 1 1 0 17 576 20 565 23
578 1 4 10 prov_attr4 1 2000000000 24108464 139650584706267 1 13
579
580 1 150 0 13 579 3 0 10 prov_attr1 17
581
582 2 1 0 17 581 20
583 3 5 167837953 23
584 1 4 10 prov_attr1 10 prov_attr2 17
585
586 2 1 0 17 585 19
587 3 8 160 0010010001000010001110111001110010010110100000001010111011011110010000001001000011110000000010111010010100110010100111001101010111110011000010110001001111000111 23
588 1 4 10 prov_attr2 10 prov_attr3 17
589
590 2 1 0 17 589 19 587 23
591 1 4 10 prov_attr3 1 0 2986864437211329140 3544953238399823408 1 13
592
593 1 150 0 13 592 4 0 10 prov_attr1 17 581 10 prov_attr2 17 585 10 prov_attr3 17 589 10 prov_attr4 17
594
595 1 1 0 17 594 20 583 23
596 1 4 10 prov_attr4 1 2000000000 24108464 139650584706267 1 13
597
598 1 150 0 13 597 3 0 10 prov_attr1 17
599
600 2 1 0 17 599 20
601 3 5 167837953 23
602 1 4 10 prov_attr1 10 prov_attr2 17
603
604 2 1 0 17 603 19
605 3 8 160 0010010001111000110000111110100001000110010010000001111010010001101010011011010011011100111001011111100001011110011110101111101101100000011111010001010010110011 23
606 1 4 10 prov_attr2 10 prov_attr3 17
607
608 2 1 0 17 607 19 605 23
609 1 4 10 prov_attr3 1 0 12668872442597142587 4871900464862102717 1 13
610
611 1 150 0 13 610 4 0 10 prov_attr1 17 599 10 prov_attr2 17 603 10 prov_attr3 17 607 10 prov_attr4 17
612
613 1 1 0 17 612 20 601 23
614 1 4 10 prov_attr4 1 2000000000 24108464 139650584706267 1 13
615
616 1 150 0 13 615 3 0 10 prov_attr1 17
617
618 2 1 0 17 617 20
619 3 5 167837953 23
620 1 4 10 prov_attr1 10 prov_attr2 17
621
622 2 1 0 17 621 19
623 3 8 160 0010011001111000001001000101010011000111101001001111110101011011100110010000111011100110101101000010011010101100100101010101101000000001110100101111011110110000 23
624 1 4 10 prov_attr2 10 prov_attr3 17
625
626 2 1 0 17 625 19 623 23
627 1 4 10 prov_attr3 1 0 8530163432470817907 3470431910128345967 1 13
628
629 1 150 0 13 628 4 0 10 prov_attr1 17 617 10 prov_attr2 17 621 10 prov_attr3 17 625 10 prov_attr4 17
630
631 1 1 0 17 630 20 619 23
632 1 4 10 prov_attr4 1 2000000000 24108464 139650584706267 1 13
633
634 1 150 0 13 633 3 0 10 prov_attr1 17
635
636 2 1 0 17 635 20
637 3 5 167837953 23
638 1 4 10 prov_attr1 10 prov_attr2 17
639
640 2 1 0 17 639 19
641 3 8 160 0010011010010100101001010111001000110010100011001011010101001110000011000110001011110011101100011101101001111100100110011000110001101010100110110000110111110100 23
642 1 4 10 prov_attr2 10 prov_attr3 17
643
644 2 1 0 17 643 19 641 23
645 1 4 10 prov_attr3 1 0 18446744073709551615 18446744073709551615 1 13
646
647 1 150 0 13 646 4 0 10 prov_attr1 17 635 10 prov_attr2 17 639 10 prov_attr3 17 643 10 prov_attr4 17
648
649 1 1 0 17 648 20 637 23
650 1 4 10 prov_attr4 1 2000000000 24108464 139650584706267 1 13
651
652 1 150 0 13 651 3 0 10 prov_attr1 17
653
654 2 1 0 17 653 20
655 3 5 167837953 23
656 1 4 10 prov_attr1 10 prov_attr2 17
657
658 2 1 0 17 657 19
659 3 8 160 0010100000111101110110011111011101011000000101110110010011100000001111010000000111100101010000011001100001101111000100001100010000111001000000111101101111100111 23
660 1 4 10 prov_attr2 10 prov_attr3 17
661
662 2 1 0 17 661 19 659 23
663 1 4 10 prov_attr3 1 0 4400226805074 7998518284414618112 1 13
664
665 1 150 0 13 664 4 0 10 prov_attr1 17 653 10 prov_attr2 17 657 10 prov_attr3 17 661 10 prov_attr4 17
666
667 1 1 0 17 666 20 655 23
668 1 4 10 prov_attr4 1 2000000000 24108464 139650584706267 1 13
669
670 1 150 0 13 669 3 0 10 prov_attr1 17
671
672 2 1 0 17 671 20
673 3 5 167837953 23
674 1 4 10 prov_attr1 10 prov_attr2 17
675
676 2 1 0 17 675 19
677 3 8 160 0011001100001001010111001110100111101000101111011011000001000010011001011010011100011100111010000101111011000111001001100000010100111010111001001111010111100110 23
678 1 4 10 prov_attr2 10 prov_attr3 17
679
680 2 1 0 17 679 19 677 23
681 1 4 10 prov_attr3 1 0 25274056 145 1 13
682
683 1 150 0 13 682 4 0 10 prov_attr1 17 671 10 prov_attr2 17 675 10 prov_attr3 17 679 10 prov_attr4 17
684
685 1 1 0 17 684 20 673 23
686 1 4 10 prov_attr4 1 2000000000 24108464 139650584706267 1 13
687
688 1 150 0 13 687 3 0 10 prov_attr1 17
689
690 2 1 0 17 689 20
691 3 5 167837953 23
692 1 4 10 prov_attr1 10 prov_attr2 17
693
694 2 1 0 17 693 19
695 3 8 160 0011100000110001001011010111001000010010101110101111011111100000111001111001010010101110111101011011100111110110101111000111100001010010101001011111010010000001 23
696 1 4 10 prov_attr2 10 prov_attr3 17
697
698 2 1 0 17 697 19 695 23
699 1 4 10 prov_attr3 1 0 8247343452140038497 7309940803762221114 1 13
700
701 1 150 0 13 700 4 0 10 prov_attr1 17 689 10 prov_attr2 17 693 10 prov_attr3 17 697 10 prov_attr4 17
702
703 1 1 0 17 702 20 691 23
704 1 4 10 prov_attr4 1 2000000000 24108464 139650584706267 1 13
705
706 1 150 0 13 705 3 0 10 prov_attr1 17
707
708 2 1 0 17 707 20
709 3 5 167837953 23
710 1 4 10 prov_attr1 10 prov_attr2 17
711
712 2 1 0 17 711 19
713 3 8 160 0011100011101010011010111101001101110110100011011110010010010010010001011111100100100011111101101011100101101100000000110000000110100010010010000011001100011001 23
714 1 4 10 prov_attr2 10 prov_attr3 17
715
716 2 1 0 17 715 19 713 23
717 1 4 10 prov_attr3 1 0 3472328296227745840 3472329400034275633 1 13
718
719 1 150 0 13 718 4 0 10 prov_attr1 17 707 10 prov_attr2 17 711 10 prov_attr3 17 715 10 prov_attr4 17
720
721 1 1 0 17 720 20 709 23
722 1 4 10 prov_attr4 1 2000000000 24108464 139650584706267 1 13
723
724 1 150 0 13 723 3 0 10 prov_attr1 17
725
726 2 1 0 17 725 20
727 3 5 167837953 23
728 1 4 10 prov_attr1 10 prov_attr2 17
729
730 2 1 0 17 729 19
731 3 8 160 0011101111110000101111000010110101011101111000001101000010101111101111011000010000101010000011011010100101110111100111000100001100101001001010011001101111000101 23
732 1 4 10 prov_attr2 10 prov_attr3 17
733
734 2 1 0 17 733 19 731 23
735 1 4 10 prov_attr3 1 0 3472328296244457520 3472328300522713137 1 13
736
737 1 150 0 13 736 4 0 10 prov_attr1 17 725 10 prov_attr2 17 729 10 prov_attr3 17 733 10 prov_attr4 17
738
739 1 1 0 17 738 20 727 23
740 1 4 10 prov_attr4 1 2000000000 24108464 139650584706267 1 13
741
742 1 150 0 13 741 3 0 10 prov_attr1 17
743
744 2 1 0 17 743 20
745 3 5 167837953 23
746 1 4 10 prov_attr1 10 prov_attr2 17
747
748 2 1 0 17 747 19
749 3 8 160 0011111011110100110101101000101001101111100111110010000000011100011011011010101110010111010111010101010110110011101000100000111101000001100111011000101000011010 23
750 1 4 10 prov_attr2 10 prov_attr3 17
751
752 2 1 0 17 751 19 749 23
753 1 4 10 prov_attr3 1 0 3472610875011051569 3544386994088980784 1 13
754
755 1 150 0 13 754 4 0 10 prov_attr1 17 743 10 prov_attr2 17 747 10 prov_attr3 17 751 10 prov_attr4 17
756
757 1 1 0 17 756 20 745 23
758 1 4 10 prov_attr4 1 2000000000 24108464 139650584706267 1 13
759
760 1 150 0 13 759 3 0 10 prov_attr1 17
761
762 2 1 0 17 761 20
763 3 5 167837953 23
764 1 4 10 prov_attr1 10 prov_attr2 17
765
766 2 1 0 17 765 19
767 3 8 160 0100010000110000001010011100000000100010000011010101101111001110111111010100011111100100000100110100110000001001000100010110111100011110011001000010101100101000 23
768 1 4 10 prov_attr2 10 prov_attr3 17
769
770 2 1 0 17 769 19 767 23
771 1 4 10 prov_attr3 1 0 24081712 139650581729794 1 13
772
773 1 150 0 13 772 4 0 10 prov_attr1 17 761 10 prov_attr2 17 765 10 prov_attr3 17 769 10 prov_attr4 17
774
775 1 1 0 17 774 20 763 23
776 1 4 10 prov_attr4 1 2000000000 24108464 139650584706267 1 13
777
778 1 150 0 13 777 3 0 10 prov_attr1 17
779
780 2 1 0 17 779 20
781 3 5 167837953 23
782 1 4 10 prov_attr1 10 prov_attr2 17
783
784 2 1 0 17 783 19
785 3 8 160 0100010100111011010000110011011011101110101001100001101101001110010111100100101000110010000111000100011011110011111100100110100101100101110000010011010000000111 23
786 1 4 10 prov_attr2 10 prov_attr3 17
787
788 2 1 0 17 787 19 785 23
789 1 4 10 prov_attr3 1 0 6874019657937743721 212373632097 1 13
790
791 1 150 0 13 790 4 0 10 prov_attr1 17 779 10 prov_attr2 17 783 10 prov_attr3 17 787 10 prov_attr4 17
792
793 1 1 0 17 792 20 781 23
794 1 4 10 prov_attr4 1 2000000000 24108464 139650584706267 1 13
795
796 1 150 0 13 795 3 0 10 prov_attr1 17
797
798 2 1 0 17 797 20
799 3 5 167837953 23
800 1 4 10 prov_attr1 10 prov_attr2 17
801
802 2 1 0 17 801 19
803 2 8 160 0100010110001000010110111101011111101000100000010000110001001001001101000110010010001001111111101000111100010101101101101001101110110100001001000000101110001100 23
804 1 4 10 prov_attr2 10 prov_attr3 17
805
806 2 1 0 17 805 19
807 2 8 160 1111010001011011000101100011111100001100000101001010001000101111010100000100010111000001110111110000110110000000100011001101100001101111100100111000010000000011 23
808 1 4 10 prov_attr3 1 0 7018143388703945516 3905797561225867120 1 13
809
810 1 150 0 13 809 4 0 10 prov_attr1 17 797 10 prov_attr2 17 801 10 prov_attr3 17 805 10 prov_attr4 17
811
812 1 1 0 17 811 20
813 2 5 167837953 23
814 1 4 10 prov_attr4 1 4633000000 24108464 139650584706267 1 13
815
816 1 150 0 13 815 3 0 10 prov_attr1 17
817
818 2 1 0 17 817 20
819 3 5 167837953 23
820 1 4 10 prov_attr1 10 prov_attr2 17
821
822 2 1 0 17 821 19
823 3 8 160 0100011100111000111101110000110111000110100001000101001000100110101010110010001011010100000001000010000100001011011010010011100111011101101111110010011001000001 23
824 1 4 10 prov_attr2 10 prov_attr3 17
825
826 2 1 0 17 825 19 823 23
827 1 4 10 prov_attr3 1 0 4120856529583305579 139646570017846 1 13
828
829 1 150 0 13 828 4 0 10 prov_attr1 17 817 10 prov_attr2 17 821 10 prov_attr3 17 825 10 prov_attr4 17
830
831 1 1 0 17 830 20 819 23
832 1 4 10 prov_attr4 1 2000000000 24108464 139650584706267 1 13
833
834 1 150 0 13 833 3 0 10 prov_attr1 17
835
836 2 1 0 17 835 20
837 3 5 167837953 23
838 1 4 10 prov_attr1 10 prov_attr2 17
839
840 2 1 0 17 839 19
841 3 8 160 0100100001100000000000000010111111001011010111100100001111110001100101010011000001000011100010110010000010110110101111110110111111011110101001001110101000000010 23
842 1 4 10 prov_attr2 10 prov_attr3 17
843
844 2 1 0 17 843 19 841 23
845 1 4 10 prov_attr3 1 0 25048400 25048400 1 13
846
847 1 150 0 13 846 4 0 10 prov_attr1 17 835 10 prov_attr2 17 839 10 prov_attr3 17 843 10 prov_attr4 17
848
849 1 1 0 17 848 20 837 23
850 1 4 10 prov_attr4 1 2000000000 24108464 139650584706267 1 13
851
852 1 150 0 13 851 3 0 10 prov_attr1 17
853
854 2 1 0 17 853 20
855 3 5 167837953 23
856 1 4 10 prov_attr1 10 prov_attr2 17
857
858 2 1 0 17 857 19
859 3 8 160 0100100101000010110101011000000001000001101100101011000110001000000001101010100010101111010101001000011111110000111001100101111000101100111101110101110000000001 23
860 1 4 10 prov_attr2 10 prov_attr3 17
861
862 2 1 0 17 861 19 859 23
863 1 4 10 prov_attr3 1 0 3544385890282385712 3472610875027763504 1 13
864
865 1 150 0 13 864 4 0 10 prov_attr1 17 853 10 prov_attr2 17 857 10 prov_attr3 17 861 10 prov_attr4 17
866
867 1 1 0 17 866 20 855 23
868 1 4 10 prov_attr4 1 2000000000 24108464 139650584706267 1 13
869
870 1 150 0 13 869 3 0 10 prov_attr1 17
871
872 2 1 0 17 871 20
873 2 5 167837953 23
874 1 4 10 prov_attr1 10 prov_attr2 17
875
876 2 1 0 17 875 19
877 2 8 160 0100101011010111101110011111101000110100110101001010100111111100011101001101001010111001110010001110010000010111010111000100001011100110111101001010110011010000 23
878 1 4 10 prov_attr2 10 prov_attr3 17
879
880 2 1 0 17 879 19
881 2 8 160 1000101100001000011001000100000011100010110101010001011011100010011010100000100100110000111000011101011011110011110111110100000111110110101000111100111101000111 23
882 1 4 10 prov_attr3 1 0 24010008 25200576 1 13
883
884 1 150 0 13 883 4 0 10 prov_attr1 17 871 10 prov_attr2 17 875 10 prov_attr3 17 879 10 prov_attr4 17
885
886 1 1 0 17 885 20
887 2 5 167837953 23
888 1 4 10 prov_attr4 1 2461000000 24108464 139650584706267 1 13
889
890 1 150 0 13 889 3 0 10 prov_attr1 17
891
892 2 1 0 17 891 20
893 3 5 167837953 23
894 1 4 10 prov_attr1 10 prov_attr2 17
895
896 2 1 0 17 895 19
897 3 8 160 0100111110001001100011110110010111010010101111100010100000100001001101101010010110011100111110011111110000010000011111000000111100101010111001011001010011010010 23
898 1 4 10 prov_attr2 10 prov_attr3 17
899
900 2 1 0 17 899 19 897 23
901 1 4 10 prov_attr3 1 0 7566156227495883520 7998508388877099264 1 13
902
903 1 150 0 13 902 4 0 10 prov_attr1 17 891 10 prov_attr2 17 895 10 prov_attr3 17 899 10 prov_attr4 17
904
905 1 1 0 17 904 20 893 23
906 1 4 10 prov_attr4 1 2000000000 24108464 139650584706267 1 13
907
908 1 150 0 13 907 3 0 10 prov_attr1 17
909
910 2 1 0 17 909 20
911 3 5 167837953 23
912 1 4 10 prov_attr1 10 prov_attr2 17
913
914 2 1 0 17 913 19
915 3 8 160 0101001010010101110000011011101111111101011011001101100111010001100101111110111101000100011100111111000000001101111101101110000001010000101011101011111011001001 23
916 1 4 10 prov_attr2 10 prov_attr3 17
917
918 2 1 0 17 917 19 915 23
919 1 4 10 prov_attr3 1 0 3544386994088980784 3544386994089046320 1 13
920
921 1 150 0 13 920 4 0 10 prov_attr1 17 909 10 prov_attr2 17 913 10 prov_attr3 17 917 10 prov_attr4 17
922
923 1 1 0 17 922 20 911 23
924 1 4 10 prov_attr4 1 2000000000 24108464 139650584706267 1 13
925
926 1 150 0 13 925 3 0 10 prov_attr1 17
927
928 2 1 0 17 927 20
929 3 5 167837953 23
930 1 4 10 prov_attr1 10 prov_attr2 17
931
932 2 1 0 17 931 19
933 3 8 160 0101010010111000010111010110001010000110011100101100010001001110001100001110110011111111010111100010001011010000000111100100001110011110111011001111000110111100 23
934 1 4 10 prov_attr2 10 prov_attr3 17
935
936 2 1 0 17 935 19 933 23
937 1 4 10 prov_attr3 1 0 4049357487452286060 139650576429361 1 13
938
939 1 150 0 13 938 4 0 10 prov_attr1 17 927 10 prov_attr2 17 931 10 prov_attr3 17 935 10 prov_attr4 17
940
941 1 1 0 17 940 20 929 23
942 1 4 10 prov_attr4 1 2000000000 24108464 139650584706267 1 13
943
944 1 150 0 13 943 3 0 10 prov_attr1 17
945
946 2 1 0 17 945 20
947 3 5 167837953 23
948 1 4 10 prov_attr1 10 prov_attr2 17
949
950 2 1 0 17 949 19
951 3 8 160 0101010110000110000110001001111000111101101110001001001101010101101110001011011111001001111111001111010110100001111110110001011111110001001000110011100110111010 23
952 1 4 10 prov_attr2 10 prov_attr3 17
953
954 2 1 0 17 953 19 951 23
955 1 4 10 prov_attr3 1 0 3544667369537351985 3544667365242319152 1 13
956
957 1 150 0 13 956 4 0 10 prov_attr1 17 945 10 prov_attr2 17 949 10 prov_attr3 17 953 10 prov_attr4 17
958
959 1 1 0 17 958 20 947 23
960 1 4 10 prov_attr4 1 2000000000 24108464 139650584706267 1 13
961
962 1 150 0 13 961 3 0 10 prov_attr1 17
963
964 2 1 0 17 963 20
965 3 5 167837953 23
966 1 4 10 prov_attr1 10 prov_attr2 17
967
968 2 1 0 17 967 19
969 3 8 160 0101011011100111001111110010100111111010110000100101110101101011100010010010111101010010101000000000101000011101101111110101011001011010011101001110010101000000 23
970 1 4 10 prov_attr2 10 prov_attr3 17
971
972 2 1 0 17 971 19 969 23
973 1 4 10 prov_attr3 1 0 139650565044152 25130720 1 13
974
975 1 150 0 13 974 4 0 10 prov_attr1 17 963 10 prov_attr2 17 967 10 prov_attr3 17 971 10 prov_attr4 17
976
977 1 1 0 17 976 20 965 23
978 1 4 10 prov_attr4 1 2000000000 24108464 139650584706267 1 13
979
980 1 150 0 13 979 3 0 10 prov_attr1 17
981
982 2 1 0 17 981 20
983 3 5 167837953 23
984 1 4 10 prov_attr1 10 prov_attr2 17
985
986 2 1 0 17 985 19
987 3 8 160 0101011110101011100011011110000000011110000010100001010000100011001001110110000011110101010101000101110111110010000001010111101100101110010101011000100100011110 23
988 1 4 10 prov_attr2 10 prov_attr3 17
989
990 2 1 0 17 989 19 987 23
991 1 4 10 prov_attr3 1 0 3544667369537351729 3472609771221168176 1 13
992
993 1 150 0 13 992 4 0 10 prov_attr1 17 981 10 prov_attr2 17 985 10 prov_attr3 17 989 10 prov_attr4 17
994
995 1 1 0 17 994 20 983 23
996 1 4 10 prov_attr4 1 2000000000 24108464 139650584706267 1 13
997
998 1 150 0 13 997 3 0 10 prov_attr1 17
999
1000 2 1 0 17 999 20
1001 3 5 167837953 23
1002 1 4 10 prov_attr1 10 prov_attr2 17
1003
1004 2 1 0 17 1003 19
1005 3 8 160 0101100001001010000010011001111001001110011101110101100011110110111101010110010001100111001110110100011100010111111110100111000001000100011001000010001000110000 23
1006 1 4 10 prov_attr2 10 prov_attr3 17
1007
1008 2 1 0 17 1007 19 1005 23
1009 1 4 10 prov_attr3 1 0 3472328300522647857 3472610875010986289 1 13
1010
1011 1 150 0 13 1010 4 0 10 prov_attr1 17 999 10 prov_attr2 17 1003 10 prov_attr3 17 1007 10 prov_attr4 17
1012
1013 1 1 0 17 1012 20 1001 23
1014 1 4 10 prov_attr4 1 2000000000 24108464 139650584706267 1 13
1015
1016 1 150 0 13 1015 3 0 10 prov_attr1 17
1017
1018 2 1 0 17 1017 20
1019 3 5 167837953 23
1020 1 4 10 prov_attr1 10 prov_attr2 17
1021
1022 2 1 0 17 1021 19
1023 3 8 160 0101100111000111111000111100111000101001111100101001010111100111000001110111111010001111010100110011110111100011111011010101000001110111101011000011001110100100 23
1024 1 4 10 prov_attr2 10 prov_attr3 17
1025
1026 2 1 0 17 1025 19 1023 23
1027 1 4 10 prov_attr3 1 0 25198592 139650565044152 1 13
1028
1029 1 150 0 13 1028 4 0 10 prov_attr1 17 1017 10 prov_attr2 17 1021 10 prov_attr3 17 1025 10 prov_attr4 17
1030
1031 1 1 0 17 1030 20 1019 23
1032 1 4 10 prov_attr4 1 2000000000 24108464 139650584706267 1 13
1033
1034 1 150 0 13 1033 3 0 10 prov_attr1 17
1035
1036 2 1 0 17 1035 20
1037 3 5 167837953 23
1038 1 4 10 prov_attr1 10 prov_attr2 17
1039
1040 2 1 0 17 1039 19
1041 3 8 160 0101110111000000110100110010111000011111000101111110110100100111100011100011001101010111110101101010111001110000111101100010011000011000010011101011101111011011 23
1042 1 4 10 prov_attr2 10 prov_attr3 17
1043
1044 2 1 0 17 1043 19 1041 23
1045 1 4 10 prov_attr3 1 0 0 4294967296 1 13
1046
1047 1 150 0 13 1046 4 0 10 prov_attr1 17 1035 10 prov_attr2 17 1039 10 prov_attr3 17 1043 10 prov_attr4 17
1048
1049 1 1 0 17 1048 20 1037 23
1050 1 4 10 prov_attr4 1 2000000000 24108464 139650584706267 1 13
1051
1052 1 150 0 13 1051 3 0 10 prov_attr1 17
1053
1054 2 1 0 17 1053 20
1055 3 5 167837953 23
1056 1 4 10 prov_attr1 10 prov_attr2 17
1057
1058 2 1 0 17 1057 19
1059 3 8 160 0110000101101011001011100011000000111001000100000101101011110101001101001011001101110011010000101100010100000110010111000011011110010110001110010101101100010001 23
1060 1 4 10 prov_attr2 10 prov_attr3 17
1061
1062 2 1 0 17 1061 19 1059 23
1063 1 4 10 prov_attr3 1 0 3472328296227745840 3544386989794078769 1 13
1064
1065 1 150 0 13 1064 4 0 10 prov_attr1 17 1053 10 prov_attr2 17 1057 10 prov_attr3 17 1061 10 prov_attr4 17
1066
1067 1 1 0 17 1066 20 1055 23
1068 1 4 10 prov_attr4 1 2000000000 24108464 139650584706267 1 13
1069
1070 1 150 0 13 1069 3 0 10 prov_attr1 17
1071
1072 2 1 0 17 1071 20
1073 3 5 167837953 23
1074 1 4 10 prov_attr1 10 prov_attr2 17
1075
1076 2 1 0 17 1075 19
1077 3 8 160 0110001010101111100000101011000110000110011111010110101111111101101011100011010001100101110101101000110000111110001000110101000010101110000001101000011101100001 23
1078 1 4 10 prov_attr2 10 prov_attr3 17
1079
1080 2 1 0 17 1079 19 1077 23
1081 1 4 10 prov_attr3 1 0 3470438464366998900 14693002458117934 1 13
1082
1083 1 150 0 13 1082 4 0 10 prov_attr1 17 1071 10 prov_attr2 17 1075 10 prov_attr3 17 1079 10 prov_attr4 17
1084
1085 1 1 0 17 1084 20 1073 23
1086 1 4 10 prov_attr4 1 2000000000 24108464 139650584706267 1 13
1087
1088 1 150 0 13 1087 3 0 10 prov_attr1 17
1089
1090 2 1 0 17 1089 20
1091 2 5 167837953 23
1092 1 4 10 prov_attr1 10 prov_attr2 17
1093
1094 2 1 0 17 1093 19
1095 2 8 160 0110001011011001011000000110011011100110111010101010011110110100000101011111111100001011101000010011101010100000010011111011001111011101110001100000011011010110 23
1096 1 4 10 prov_attr2 10 prov_attr3 17
1097
1098 2 1 0 17 1097 19
1099 2 8 160 1101010001101111110000000111011000110101110110000111111010111101101110011111101111110111110100110010010101000011111110011101100011111000001010000100101000011000 23
1100 1 4 10 prov_attr3 1 0 24108464 139650584706267 1 13
1101
1102 1 150 0 13 1101 4 0 10 prov_attr1 17 1089 10 prov_attr2 17 1093 10 prov_attr3 17 1097 10 prov_attr4 17
1103
1104 1 1 0 17 1103 20
1105 2 5 167837953 23
1106 1 4 10 prov_attr4 1 4045000000 24108464 139650584706267 1 13
1107
1108 1 150 0 13 1107 3 0 10 prov_attr1 17
1109
1110 2 1 0 17 1109 20
1111 3 5 167837953 23
1112 1 4 10 prov_attr1 10 prov_attr2 17
1113
1114 2 1 0 17 1113 19
1115 3 8 160 0110001111010010011000110101100100001001000000111101110010100001101111010100001110100000000001110010010111110110100111111110001011101100011101100011101100100001 23
1116 1 4 10 prov_attr2 10 prov_attr3 17
1117
1118 2 1 0 17 1117 19 1115 23
1119 1 4 10 prov_attr3 1 0 3544668464753946673 3472328296227680560 1 13
1120
1121 1 150 0 13 1120 4 0 10 prov_attr1 17 1109 10 prov_attr2 17 1113 10 prov_attr3 17 1117 10 prov_attr4 17
1122
1123 1 1 0 17 1122 20 1111 23
1124 1 4 10 prov_attr4 1 2000000000 24108464 139650584706267 1 13
1125
1126 1 150 0 13 1125 3 0 10 prov_attr1 17
1127
1128 2 1 0 17 1127 20
1129 3 5 167837953 23
1130 1 4 10 prov_attr1 10 prov_attr2 17
1131
1132 2 1 0 17 1131 19
1133 3 8 160 0110010100011010111001110100101101001011100000100010011100001110110101011001110100110111100101101100010110110110000111011001011101010000001101100101110111010110 23
1134 1 4 10 prov_attr2 10 prov_attr3 17
1135
1136 2 1 0 17 1135 19 1133 23
1137 1 4 10 prov_attr3 1 0 27763584 25259984 1 13
1138
1139 1 150 0 13 1138 4 0 10 prov_attr1 17 1127 10 prov_attr2 17 1131 10 prov_attr3 17 1135 10 prov_attr4 17
1140
1141 1 1 0 17 1140 20 1129 23
1142 1 4 10 prov_attr4 1 2000000000 24108464 139650584706267 1 13
1143
1144 1 150 0 13 1143 3 0 10 prov_attr1 17
1145
1146 2 1 0 17 1145 20
1147 3 5 167837953 23
1148 1 4 10 prov_attr1 10 prov_attr2 17
1149
1150 2 1 0 17 1149 19
1151 3 8 160 0110011100000000010010101011000010010010001000000001001100100000000000000010010111110011110001000100101010111100111111110011000011100011011000110100001111100001 23
1152 1 4 10 prov_attr2 10 prov_attr3 17
1153
1154 2 1 0 17 1153 19 1151 23
1155 1 4 10 prov_attr3 1 0 48 64 1 13
1156
1157 1 150 0 13 1156 4 0 10 prov_attr1 17 1145 10 prov_attr2 17 1149 10 prov_attr3 17 1153 10 prov_attr4 17
1158
1159 1 1 0 17 1158 20 1147 23
1160 1 4 10 prov_attr4 1 2000000000 24108464 139650584706267 1 13
1161
1162 1 150 0 13 1161 3 0 10 prov_attr1 17
1163
1164 2 1 0 17 1163 20
1165 3 5 167837953 23
1166 1 4 10 prov_attr1 10 prov_attr2 17
1167
1168 2 1 0 17 1167 19
1169 3 8 160 0110100100001101010100010011111111000011111011010000010110010100110101010110000101110011010011001000111111000101011111100011011110100000111001101011100100001011 23
1170 1 4 10 prov_attr2 10 prov_attr3 17
1171
1172 2 1 0 17 1171 19 1169 23
1173 1 4 10 prov_attr3 1 0 8391099404990246770 7020671384760892018 1 13
1174
1175 1 150 0 13 1174 4 0 10 prov_attr1 17 1163 10 prov_attr2 17 1167 10 prov_attr3 17 1171 10 prov_attr4 17
1176
1177 1 1 0 17 1176 20 1165 23
1178 1 4 10 prov_attr4 1 2000000000 24108464 139650584706267 1 13
1179
1180 1 150 0 13 1179 3 0 10 prov_attr1 17
1181
1182 2 1 0 17 1181 20
1183 3 5 167837953 23
1184 1 4 10 prov_attr1 10 prov_attr2 17
1185
1186 2 1 0 17 1185 19
1187 3 8 160 0110111000110010111110011001010000010011101011110101110101111000001111010000111101110111100011101011011100001001100010101111001011100011100001011100110101011111 23
1188 1 4 10 prov_attr2 10 prov_attr3 17
1189
1190 2 1 0 17 1189 19 1187 23
1191 1 4 10 prov_attr3 1 0 3544667369537286192 3472609775516135473 1 13
1192
1193 1 150 0 13 1192 4 0 10 prov_attr1 17 1181 10 prov_attr2 17 1185 10 prov_attr3 17 1189 10 prov_attr4 17
1194
1195 1 1 0 17 1194 20 1183 23
1196 1 4 10 prov_attr4 1 2000000000 24108464 139650584706267 1 13
1197
1198 1 150 0 13 1197 3 0 10 prov_attr1 17
1199
1200 2 1 0 17 1199 20
1201 3 5 167837953 23
1202 1 4 10 prov_attr1 10 prov_attr2 17
1203
1204 2 1 0 17 1203 19
1205 3 8 160 0110111111000110010011101110010001100010001101000101010111110000001010001100010010100100110001001011101100101010000000101001010110110001100010111000111111110011 23
1206 1 4 10 prov_attr2 10 prov_attr3 17
1207
1208 2 1 0 17 1207 19 1205 23
1209 1 4 10 prov_attr3 1 0 3472329395756085552 3544386989777236016 1 13
1210
1211 1 150 0 13 1210 4 0 10 prov_attr1 17 1199 10 prov_attr2 17 1203 10 prov_attr3 17 1207 10 prov_attr4 17
1212
1213 1 1 0 17 1212 20 1201 23
1214 1 4 10 prov_attr4 1 2000000000 24108464 139650584706267 1 13
1215
1216 1 150 0 13 1215 3 0 10 prov_attr1 17
1217
1218 2 1 0 17 1217 20
1219 3 5 167837953 23
1220 1 4 10 prov_attr1 10 prov_attr2 17
1221
1222 2 1 0 17 1221 19
1223 3 8 160 0111000001110011110100100011100011011111000111011011010101101000111010101110100100001100001110000101111011111101000110000111010111000111111101100100111000000001 23
1224 1 4 10 prov_attr2 10 prov_attr3 17
1225
1226 2 1 0 17 1225 19 1223 23
1227 1 4 10 prov_attr3 1 0 25151888 139650565044152 1 13
1228
1229 1 150 0 13 1228 4 0 10 prov_attr1 17 1217 10 prov_attr2 17 1221 10 prov_attr3 17 1225 10 prov_attr4 17
1230
1231 1 1 0 17 1230 20 1219 23
1232 1 4 10 prov_attr4 1 2000000000 24108464 139650584706267 1 13
1233
1234 1 150 0 13 1233 3 0 10 prov_attr1 17
1235
1236 2 1 0 17 1235 20
1237 3 5 167837953 23
1238 1 4 10 prov_attr1 10 prov_attr2 17
1239
1240 2 1 0 17 1239 19
1241 3 8 160 0111000101110001101100011101000011111011010001000101110010011010101110101101001010010000100000100001001011010111111111101001000111101000010111111101010100001110 23
1242 1 4 10 prov_attr2 10 prov_attr3 17
1243
1244 2 1 0 17 1243 19 1241 23
1245 1 4 10 prov_attr3 1 0 24081712 97 1 13
1246
1247 1 150 0 13 1246 4 0 10 prov_attr1 17 1235 10 prov_attr2 17 1239 10 prov_attr3 17 1243 10 prov_attr4 17
1248
1249 1 1 0 17 1248 20 1237 23
1250 1 4 10 prov_attr4 1 2000000000 24108464 139650584706267 1 13
1251
1252 1 150 0 13 1251 3 0 10 prov_attr1 17
1253
1254 2 1 0 17 1253 20
1255 3 5 167837953 23
1256 1 4 10 prov_attr1 10 prov_attr2 17
1257
1258 2 1 0 17 1257 19
1259 3 8 160 0111010010111000000000111110011001111101011100111100100110001000010111100110110010001001000001100100101110100101100101110111100011111011100010000101001101001111 23
1260 1 4 10 prov_attr2 10 prov_attr3 17
1261
1262 2 1 0 17 1261 19 1259 23
1263 1 4 10 prov_attr3 1 0 3544668464754012465 3544667365259096113 1 13
1264
1265 1 150 0 13 1264 4 0 10 prov_attr1 17 1253 10 prov_attr2 17 1257 10 prov_attr3 17 1261 10 prov_attr4 17
1266
1267 1 1 0 17 1266 20 1255 23
1268 1 4 10 prov_attr4 1 2000000000 24108464 139650584706267 1 13
1269
1270 1 150 0 13 1269 3 0 10 prov_attr1 17
1271
1272 2 1 0 17 1271 20
1273 3 5 167837953 23
1274 1 4 10 prov_attr1 10 prov_attr2 17
1275
1276 2 1 0 17 1275 19
1277 3 8 160 0111100110000100100011000111010001011101100010000011010001000010111011011101001100001001110100100101111111110000100000111011100000011101100010100100011110100011 23
1278 1 4 10 prov_attr2 10 prov_attr3 17
1279
1280 2 1 0 17 1279 19 1277 23
1281 1 4 10 prov_attr3 1 0 24081712 139650581715884 1 13
1282
1283 1 150 0 13 1282 4 0 10 prov_attr1 17 1271 10 prov_attr2 17 1275 10 prov_attr3 17 1279 10 prov_attr4 17
1284
1285 1 1 0 17 1284 20 1273 23
1286 1 4 10 prov_attr4 1 2000000000 24108464 139650584706267 1 13
1287
1288 1 150 0 13 1287 3 0 10 prov_attr1 17
1289
1290 2 1 0 17 1289 20
1291 3 5 167837953 23
1292 1 4 10 prov_attr1 10 prov_attr2 17
1293
1294 2 1 0 17 1293 19
1295 3 8 160 0111110100100010000100111000110101011010101010010001111000101001001100001100011011000011000101110100000100111001110101100000000110101111111100010110000101000100 23
1296 1 4 10 prov_attr2 10 prov_attr3 17
1297
1298 2 1 0 17 1297 19 1295 23
1299 1 4 10 prov_attr3 1 0 3472609771204391217 13563786702106673 1 13
1300
1301 1 150 0 13 1300 4 0 10 prov_attr1 17 1289 10 prov_attr2 17 1293 10 prov_attr3 17 1297 10 prov_attr4 17
1302
1303 1 1 0 17 1302 20 1291 23
1304 1 4 10 prov_attr4 1 2000000000 24108464 139650584706267 1 13
1305
1306 1 150 0 13 1305 3 0 10 prov_attr1 17
1307
1308 2 1 0 17 1307 20
1309 3 5 167837953 23
1310 1 4 10 prov_attr1 10 prov_attr2 17
1311
1312 2 1 0 17 1311 19
1313 3 8 160 0111111011000110100001110011110010011011100011100011011001100110101111011101001000101111110011011110000010001010101101101011111101110111100000110000010001100110 23
1314 1 4 10 prov_attr2 10 prov_attr3 17
1315
1316 2 1 0 17 1315 19 1313 23
1317 1 4 10 prov_attr3 1 0 0 25215440 1 13
1318
1319 1 150 0 13 1318 4 0 10 prov_attr1 17 1307 10 prov_attr2 17 1311 10 prov_attr3 17 1315 10 prov_attr4 17
1320
1321 1 1 0 17 1320 20 1309 23
1322 1 4 10 prov_attr4 1 2000000000 24108464 139650584706267 1 13
1323
1324 1 150 0 13 1323 3 0 10 prov_attr1 17
1325
1326 2 1 0 17 1325 20
1327 3 5 167837953 23
1328 1 4 10 prov_attr1 10 prov_attr2 17
1329
1330 2 1 0 17 1329 19
1331 3 8 160 1000001101000100000001100000100001000001101010010100010010010010101110000001100001010111110011100111110110111001100010110010110111001100000000101100011111110000 23
1332 1 4 10 prov_attr2 10 prov_attr3 17
1333
1334 2 1 0 17 1333 19 1331 23
1335 1 4 10 prov_attr3 1 0 3617848660050803041 960051257 1 13
1336
1337 1 150 0 13 1336 4 0 10 prov_attr1 17 1325 10 prov_attr2 17 1329 10 prov_attr3 17 1333 10 prov_attr4 17
1338
1339 1 1 0 17 1338 20 1327 23
1340 1 4 10 prov_attr4 1 2000000000 24108464 139650584706267 1 13
1341
1342 1 150 0 13 1341 3 0 10 prov_attr1 17
1343
1344 2 1 0 17 1343 20
1345 3 5 167837953 23
1346 1 4 10 prov_attr1 10 prov_attr2 17
1347
1348 2 1 0 17 1347 19
1349 2 8 160 1000001101001100011101100001101100111101110010000000110001110000001000010100111101111010011101010010101100011000011011000111111100000001010000011100111000000010 23
1350 1 4 10 prov_attr2 10 prov_attr3 17
1351
1352 2 1 0 17 1351 19
1353 2 8 160 1110110000110010110000100001010100100110111110101100011101101000100101101011010110001001110000111100011011111000011001000010111011111000101100010110001001100000 23
1354 1 4 10 prov_attr3 1 0 3544667369537351728 3472328300539424816 1 13
1355
1356 1 150 0 13 1355 4 0 10 prov_attr1 17 1343 10 prov_attr2 17 1347 10 prov_attr3 17 1351 10 prov_attr4 17
1357
1358 1 1 0 17 1357 20
1359 2 5 167837953 23
1360 1 4 10 prov_attr4 1 4753000000 24108464 139650584706267 1 13
1361
1362 1 150 0 13 1361 3 0 10 prov_attr1 17
1363
1364 2 1 0 17 1363 20
1365 3 5 167837953 23
1366 1 4 10 prov_attr1 10 prov_attr2 17
1367
1368 2 1 0 17 1367 19
1369 3 8 160 1000001101010011101010011000000001011111000100111100011111000101000011101011000001000001000100000111010110100101111111011101101010001011111011000110110001010110 23
1370 1 4 10 prov_attr2 10 prov_attr3 17
1371
1372 2 1 0 17 1371 19 1369 23
1373 1 4 10 prov_attr3 1 0 3472329400034341169 3472329400034341168 1 13
1374
1375 1 150 0 13 1374 4 0 10 prov_attr1 17 1363 10 prov_attr2 17 1367 10 prov_attr3 17 1371 10 prov_attr4 17
1376
1377 1 1 0 17 1376 20 1365 23
1378 1 4 10 prov_attr4 1 2000000000 24108464 139650584706267 1 13
1379
1380 1 150 0 13 1379 3 0 10 prov_attr1 17
1381
1382 2 1 0 17 1381 20
1383 3 5 167837953 23
1384 1 4 10 prov_attr1 10 prov_attr2 17
1385
1386 2 1 0 17 1385 19
1387 3 8 160 1000110000101011010010010010001110011010111101100001101111110111110110001111101101111010000001110110100101010101011110111101010010110001011001111101111110111110 23
1388 1 4 10 prov_attr2 10 prov_attr3 17
1389
1390 2 1 0 17 1389 19 1387 23
1391 1 4 10 prov_attr3 1 0 360287974484606975 4398046511231 1 13
1392
1393 1 150 0 13 1392 4 0 10 prov_attr1 17 1381 10 prov_attr2 17 1385 10 prov_attr3 17 1389 10 prov_attr4 17
1394
1395 1 1 0 17 1394 20 1383 23
1396 1 4 10 prov_attr4 1 2000000000 24108464 139650584706267 1 13
1397
1398 1 150 0 13 1397 3 0 10 prov_attr1 17
1399
1400 2 1 0 17 1399 20
1401 3 5 167837953 23
1402 1 4 10 prov_attr1 10 prov_attr2 17
1403
1404 2 1 0 17 1403 19
1405 3 8 160 1000110011011010100111001001111110011101001011101101010111101011000000010110000011000110110000101010110000111100001000110010110110001010011100010010110100101111 23
1406 1 4 10 prov_attr2 10 prov_attr3 17
1407
1408 2 1 0 17 1407 19 1405 23
1409 1 4 10 prov_attr3 1 0 3544668469048979504 24916992 1 13
1410
1411 1 150 0 13 1410 4 0 10 prov_attr1 17 1399 10 prov_attr2 17 1403 10 prov_attr3 17 1407 10 prov_attr4 17
1412
1413 1 1 0 17 1412 20 1401 23
1414 1 4 10 prov_attr4 1 2000000000 24108464 139650584706267 1 13
1415
1416 1 150 0 13 1415 3 0 10 prov_attr1 17
1417
1418 2 1 0 17 1417 20
1419 3 5 167837953 23
1420 1 4 10 prov_attr1 10 prov_attr2 17
1421
1422 2 1 0 17 1421 19
1423 3 8 160 1000110100100011101100010011100000101001110010010010000011101100011111000110011100111000011000111101001100110000100011101110110100000110100011011110101111111000 23
1424 1 4 10 prov_attr2 10 prov_attr3 17
1425
1426 2 1 0 17 1425 19 1423 23
1427 1 4 10 prov_attr3 1 0 3544386994072203313 3544667369537351985 1 13
1428
1429 1 150 0 13 1428 4 0 10 prov_attr1 17 1417 10 prov_attr2 17 1421 10 prov_attr3 17 1425 10 prov_attr4 17
1430
1431 1 1 0 17 1430 20 1419 23
1432 1 4 10 prov_attr4 1 2000000000 24108464 139650584706267 1 13
1433
1434 1 150 0 13 1433 3 0 10 prov_attr1 17
1435
1436 2 1 0 17 1435 20
1437 3 5 167837953 23
1438 1 4 10 prov_attr1 10 prov_attr2 17
1439
1440 2 1 0 17 1439 19
1441 3 8 160 1000110101100110010010110001101010000101001000000110110010100010011000110001101111011000001010011101110010001101011011100010101001000011100110011110000101100100 23
1442 1 4 10 prov_attr2 10 prov_attr3 17
1443
1444 2 1 0 17 1443 19 1441 23
1445 1 4 10 prov_attr3 1 0 3544667369554063408 3472328300539425073 1 13
1446
1447 1 150 0 13 1446 4 0 10 prov_attr1 17 1435 10 prov_attr2 17 1439 10 prov_attr3 17 1443 10 prov_attr4 17
1448
1449 1 1 0 17 1448 20 1437 23
1450 1 4 10 prov_attr4 1 2000000000 24108464 139650584706267 1 13
1451
1452 1 150 0 13 1451 3 0 10 prov_attr1 17
1453
1454 2 1 0 17 1453 20
1455 3 5 167837953 23
1456 1 4 10 prov_attr1 10 prov_attr2 17
1457
1458 2 1 0 17 1457 19
1459 3 8 160 1001010111110111101000000100100010011110101011010100101111000011010011010011010010100000101000000000011000000011011010000100011011101000011000011011011111000100 23
1460 1 4 10 prov_attr2 10 prov_attr3 17
1461
1462 2 1 0 17 1461 19 1459 23
1463 1 4 10 prov_attr3 1 0 3472329395756150832 3472328296227745841 1 13
1464
1465 1 150 0 13 1464 4 0 10 prov_attr1 17 1453 10 prov_attr2 17 1457 10 prov_attr3 17 1461 10 prov_attr4 17
1466
1467 1 1 0 17 1466 20 1455 23
1468 1 4 10 prov_attr4 1 2000000000 24108464 139650584706267 1 13
1469
1470 1 150 0 13 1469 3 0 10 prov_attr1 17
1471
1472 2 1 0 17 1471 20
1473 3 5 167837953 23
1474 1 4 10 prov_attr1 10 prov_attr2 17
1475
1476 2 1 0 17 1475 19
1477 3 8 160 1001100010111100001000101011001110001110100011010000100111100010111110000100001000101000011001001010011110101111110110110111001000111000100000101100111011101011 23
1478 1 4 10 prov_attr2 10 prov_attr3 17
1479
1480 2 1 0 17 1479 19 1477 23
1481 1 4 10 prov_attr3 1 0 288 64 1 13
1482
1483 1 150 0 13 1482 4 0 10 prov_attr1 17 1471 10 prov_attr2 17 1475 10 prov_attr3 17 1479 10 prov_attr4 17
1484
1485 1 1 0 17 1484 20 1473 23
1486 1 4 10 prov_attr4 1 2000000000 24108464 139650584706267 1 13
1487
1488 1 150 0 13 1487 3 0 10 prov_attr1 17
1489
1490 2 1 0 17 1489 20
1491 3 5 167837953 23
1492 1 4 10 prov_attr1 10 prov_attr2 17
1493
1494 2 1 0 17 1493 19
1495 3 8 160 1001100100010001111101110110100011011001110111100011110010000010000010100011101100100110001110110010010011011001010011110011110101100010100111100110000010011001 23
1496 1 4 10 prov_attr2 10 prov_attr3 17
1497
1498 2 1 0 17 1497 19 1495 23
1499 1 4 10 prov_attr3 1 0 4120283663494768998 228509365304 1 13
1500
1501 1 150 0 13 1500 4 0 10 prov_attr1 17 1489 10 prov_attr2 17 1493 10 prov_attr3 17 1497 10 prov_attr4 17
1502
1503 1 1 0 17 1502 20 1491 23
1504 1 4 10 prov_attr4 1 2000000000 24108464 139650584706267 1 13
1505
1506 1 150 0 13 1505 3 0 10 prov_attr1 17
1507
1508 2 1 0 17 1507 20
1509 3 5 167837953 23
1510 1 4 10 prov_attr1 10 prov_attr2 17
1511
1512 2 1 0 17 1511 19
1513 3 8 160 1001100101111001100001110110000010001111001111111110110001000010111010111111100100000100000001001100001010110110010110110010011111000100011011011000011011110011 23
1514 1 4 10 prov_attr2 10 prov_attr3 17
1515
1516 2 1 0 17 1515 19 1513 23
1517 1 4 10 prov_attr3 1 0 25298352 34359738368 1 13
1518
1519 1 150 0 13 1518 4 0 10 prov_attr1 17 1507 10 prov_attr2 17 1511 10 prov_attr3 17 1515 10 prov_attr4 17
1520
1521 1 1 0 17 1520 20 1509 23
1522 1 4 10 prov_attr4 1 2000000000 24108464 139650584706267 1 13
1523
1524 1 150 0 13 1523 3 0 10 prov_attr1 17
1525
1526 2 1 0 17 1525 20
1527 3 5 167837953 23
1528 1 4 10 prov_attr1 10 prov_attr2 17
1529
1530 2 1 0 17 1529 19
1531 3 8 160 1010000011010011011011010001000000010001011001111111010111101111111111000111001000000011100101101101000011001101111101111100000100001001011001011011100111110001 23
1532 1 4 10 prov_attr2 10 prov_attr3 17
1533
1534 2 1 0 17 1533 19 1531 23
1535 1 4 10 prov_attr3 1 0 3472609771221233968 3544667365242318896 1 13
1536
1537 1 150 0 13 1536 4 0 10 prov_attr1 17 1525 10 prov_attr2 17 1529 10 prov_attr3 17 1533 10 prov_attr4 17
1538
1539 1 1 0 17 1538 20 1527 23
1540 1 4 10 prov_attr4 1 2000000000 24108464 139650584706267 1 13
1541
1542 1 150 0 13 1541 3 0 10 prov_attr1 17
1543
1544 2 1 0 17 1543 20
1545 3 5 167837953 23
1546 1 4 10 prov_attr1 10 prov_attr2 17
1547
1548 2 1 0 17 1547 19
1549 2 8 160 1010001111000100000111011001101000101010011011111000000100110001000110110111100001110110101001010001000101111111010110001101111010011010011101101000001110101101 23
1550 1 4 10 prov_attr2 10 prov_attr3 17
1551
1552 2 1 0 17 1551 19
1553 2 8 160 0110011110000110010101101110001101011110010010001011101011101100101011101010111111011111010000101011110011110110101101001000010100100101000100001000010010100010 23
1554 1 4 10 prov_attr3 1 0 3544385890282385456 3544668469065756976 1 13
1555
1556 1 150 0 13 1555 4 0 10 prov_attr1 17 1543 10 prov_attr2 17 1547 10 prov_attr3 17 1551 10 prov_attr4 17
1557
1558 1 1 0 17 1557 20
1559 2 5 167837953 23
1560 1 4 10 prov_attr4 1 1769000000 24108464 139650584706267 1 13
1561
1562 1 150 0 13 1561 3 0 10 prov_attr1 17
1563
1564 2 1 0 17 1563 20
1565 3 5 167837953 23
1566 1 4 10 prov_attr1 10 prov_attr2 17
1567
1568 2 1 0 17 1567 19
1569 3 8 160 1010011000010110001110001111100011011000000000111110111110100011111001111000011001010101111101110011101011111111010011000111101010000110111001001100100100101110 23
1570 1 4 10 prov_attr2 10 prov_attr3 17
1571
1572 2 1 0 17 1571 19 1569 23
1573 1 4 10 prov_attr3 1 0 112 64 1 13
1574
1575 1 150 0 13 1574 4 0 10 prov_attr1 17 1563 10 prov_attr2 17 1567 10 prov_attr3 17 1571 10 prov_attr4 17
1576
1577 1 1 0 17 1576 20 1565 23
1578 1 4 10 prov_attr4 1 2000000000 24108464 139650584706267 1 13
1579
1580 1 150 0 13 1579 3 0 10 prov_attr1 17
1581
1582 2 1 0 17 1581 20
1583 3 5 167837953 23
1584 1 4 10 prov_attr1 10 prov_attr2 17
1585
1586 2 1 0 17 1585 19
1587 3 8 160 1010110101001110010100111001010000001011111011100100011100010011101010100101101101011001111101110001110101001111111111011010011111111101000110010011101111001000 23
1588 1 4 10 prov_attr2 10 prov_attr3 17
1589
1590 2 1 0 17 1589 19 1587 23
1591 1 4 10 prov_attr3 1 0 7163380276241854324 4050198613847536491 1 13
1592
1593 1 150 0 13 1592 4 0 10 prov_attr1 17 1581 10 prov_attr2 17 1585 10 prov_attr3 17 1589 10 prov_attr4 17
1594
1595 1 1 0 17 1594 20 1583 23
1596 1 4 10 prov_attr4 1 2000000000 24108464 139650584706267 1 13
1597
1598 1 150 0 13 1597 3 0 10 prov_attr1 17
1599
1600 2 1 0 17 1599 20
1601 3 5 167837953 23
1602 1 4 10 prov_attr1 10 prov_attr2 17
1603
1604 2 1 0 17 1603 19
1605 3 8 160 1010111010110011111010001001111010100010010000011011100010100010001010000011100100100010111111100101011000010110011110110101101110111011100001000001110100101000 23
1606 1 4 10 prov_attr2 10 prov_attr3 17
1607
1608 2 1 0 17 1607 19 1605 23
1609 1 4 10 prov_attr3 1 0 3328205700226577505 59615072303158 1 13
1610
1611 1 150 0 13 1610 4 0 10 prov_attr1 17 1599 10 prov_attr2 17 1603 10 prov_attr3 17 1607 10 prov_attr4 17
1612
1613 1 1 0 17 1612 20 1601 23
1614 1 4 10 prov_attr4 1 2000000000 24108464 139650584706267 1 13
1615
1616 1 150 0 13 1615 3 0 10 prov_attr1 17
1617
1618 2 1 0 17 1617 20
1619 3 5 167837953 23
1620 1 4 10 prov_attr1 10 prov_attr2 17
1621
1622 2 1 0 17 1621 19
1623 3 8 160 1011000111011001101110110011100001001111010001010101000110101011100011110111001100001011110000111111001110101100011011001101011111010111100011000001010101101001 23
1624 1 4 10 prov_attr2 10 prov_attr3 17
1625
1626 2 1 0 17 1625 19 1623 23
1627 1 4 10 prov_attr3 1 0 3761694459300508261 3682611 1 13
1628
1629 1 150 0 13 1628 4 0 10 prov_attr1 17 1617 10 prov_attr2 17 1621 10 prov_attr3 17 1625 10 prov_attr4 17
1630
1631 1 1 0 17 1630 20 1619 23
1632 1 4 10 prov_attr4 1 2000000000 24108464 139650584706267 1 13
1633
1634 1 150 0 13 1633 3 0 10 prov_attr1 17
1635
1636 2 1 0 17 1635 20
1637 3 5 167837953 23
1638 1 4 10 prov_attr1 10 prov_attr2 17
1639
1640 2 1 0 17 1639 19
1641 3 8 160 1011001010101000101110001110011000010110001101110111111111101110001011100010011111101000100110000010000100000100110110111010101000100011111111100001111011110100 23
1642 1 4 10 prov_attr2 10 prov_attr3 17
1643
1644 2 1 0 17 1643 19 1641 23
1645 1 4 10 prov_attr3 1 0 3544385890265673776 3472329395739308080 1 13
1646
1647 1 150 0 13 1646 4 0 10 prov_attr1 17 1635 10 prov_attr2 17 1639 10 prov_attr3 17 1643 10 prov_attr4 17
1648
1649 1 1 0 17 1648 20 1637 23
1650 1 4 10 prov_attr4 1 2000000000 24108464 139650584706267 1 13
1651
1652 1 150 0 13 1651 3 0 10 prov_attr1 17
1653
1654 2 1 0 17 1653 20
1655 3 5 167837953 23
1656 1 4 10 prov_attr1 10 prov_attr2 17
1657
1658 2 1 0 17 1657 19
1659 3 8 160 1011011111100100001111011110001000010111101010000100010101111110101101000010110101110110110100011111010000111011111110000100010011011000111100010110111001010100 23
1660 1 4 10 prov_attr2 10 prov_attr3 17
1661
1662 2 1 0 17 1661 19 1659 23
1663 1 4 10 prov_attr3 1 0 8079585710462037876 3976168475585769569 1 13
1664
1665 1 150 0 13 1664 4 0 10 prov_attr1 17 1653 10 prov_attr2 17 1657 10 prov_attr3 17 1661 10 prov_attr4 17
1666
1667 1 1 0 17 1666 20 1655 23
1668 1 4 10 prov_attr4 1 2000000000 24108464 139650584706267 1 13
1669
1670 1 150 0 13 1669 3 0 10 prov_attr1 17
1671
1672 2 1 0 17 1671 20
1673 3 5 167837953 23
1674 1 4 10 prov_attr1 10 prov_attr2 17
1675
1676 2 1 0 17 1675 19
1677 3 8 160 1011100010010110010111111100111000011000001001111011100010001111110010011000000100010011101111001101000001101000111101101100110101110110001000101001000011100111 23
1678 1 4 10 prov_attr2 10 prov_attr3 17
1679
1680 2 1 0 17 1679 19 1677 23
1681 1 4 10 prov_attr3 1 0 7277943443513436416 18446744071360770560 1 13
1682
1683 1 150 0 13 1682 4 0 10 prov_attr1 17 1671 10 prov_attr2 17 1675 10 prov_attr3 17 1679 10 prov_attr4 17
1684
1685 1 1 0 17 1684 20 1673 23
1686 1 4 10 prov_attr4 1 2000000000 24108464 139650584706267 1 13
1687
1688 1 150 0 13 1687 3 0 10 prov_attr1 17
1689
1690 2 1 0 17 1689 20
1691 3 5 167837953 23
1692 1 4 10 prov_attr1 10 prov_attr2 17
1693
1694 2 1 0 17 1693 19
1695 3 8 160 1011111100100000000110010111101100111001011100111011011000011110101110111110101000000011000001100000100000011100011101101000101011011100101000001010000111000110 23
1696 1 4 10 prov_attr2 10 prov_attr3 17
1697
1698 2 1 0 17 1697 19 1695 23
1699 1 4 10 prov_attr3 1 0 7381227416963019564 3906923461131724134 1 13
1700
1701 1 150 0 13 1700 4 0 10 prov_attr1 17 1689 10 prov_attr2 17 1693 10 prov_attr3 17 1697 10 prov_attr4 17
1702
1703 1 1 0 17 1702 20 1691 23
1704 1 4 10 prov_attr4 1 2000000000 24108464 139650584706267 1 13
1705
1706 1 150 0 13 1705 3 0 10 prov_attr1 17
1707
1708 2 1 0 17 1707 20
1709 3 5 167837953 23
1710 1 4 10 prov_attr1 10 prov_attr2 17
1711
1712 2 1 0 17 1711 19
1713 3 8 160 1100000001101101000101110001111001100000010010001101011110101000100010111110101011111011010101000011110101001010110001010111000000110001011100010111111101111011 23
1714 1 4 10 prov_attr2 10 prov_attr3 17
1715
1716 2 1 0 17 1715 19 1713 23
1717 1 4 10 prov_attr3 1 0 18446462603027808000 18446744069414584474 1 13
1718
1719 1 150 0 13 1718 4 0 10 prov_attr1 17 1707 10 prov_attr2 17 1711 10 prov_attr3 17 1715 10 prov_attr4 17
1720
1721 1 1 0 17 1720 20 1709 23
1722 1 4 10 prov_attr4 1 2000000000 24108464 139650584706267 1 13
1723
1724 1 150 0 13 1723 3 0 10 prov_attr1 17
1725
1726 2 1 0 17 1725 20
1727 3 5 167837953 23
1728 1 4 10 prov_attr1 10 prov_attr2 17
1729
1730 2 1 0 17 1729 19
1731 3 8 160 1100000100101000110111101101111000000110111101111100010100101101001010010011110101000101001001101110001100111000011101010010111010010011010011001100010110000010 23
1732 1 4 10 prov_attr2 10 prov_attr3 17
1733
1734 2 1 0 17 1733 19 1731 23
1735 1 4 10 prov_attr3 1 0 360341848172033024 4398063354122 1 13
1736
1737 1 150 0 13 1736 4 0 10 prov_attr1 17 1725 10 prov_attr2 17 1729 10 prov_attr3 17 1733 10 prov_attr4 17
1738
1739 1 1 0 17 1738 20 1727 23
1740 1 4 10 prov_attr4 1 2000000000 24108464 139650584706267 1 13
1741
1742 1 150 0 13 1741 3 0 10 prov_attr1 17
1743
1744 2 1 0 17 1743 20
1745 2 5 167837953 23
1746 1 4 10 prov_attr1 10 prov_attr2 17
1747
1748 2 1 0 17 1747 19
1749 2 8 160 1100000111001100111111001010110011000100110001010111011101110000100010110100100001110110011010101110001100000111110000000110101000000110011110001100110011001111 23
1750 1 4 10 prov_attr2 10 prov_attr3 17
1751
1752 2 1 0 17 1751 19
1753 2 8 160 0110111010001101111001111110110001000100000011110010110010111100011110000111010000100100101000000110111000100001000101001111001001101000001100001110011001110101 23
1754 1 4 10 prov_attr3 1 0 25363600 49 1 13
1755
1756 1 150 0 13 1755 4 0 10 prov_attr1 17 1743 10 prov_attr2 17 1747 10 prov_attr3 17 1751 10 prov_attr4 17
1757
1758 1 1 0 17 1757 20
1759 2 5 167837953 23
1760 1 4 10 prov_attr4 1 3089000000 24108464 139650584706267 1 13
1761
1762 1 150 0 13 1761 3 0 10 prov_attr1 17
1763
1764 2 1 0 17 1763 20
1765 3 5 167837953 23
1766 1 4 10 prov_attr1 10 prov_attr2 17
1767
1768 2 1 0 17 1767 19
1769 3 8 160 1100000111101110101101111101000101100111010011011101001101000111001010001010111010001111011001001101110101111100101110010011111000010111001110100010001100001000 23
1770 1 4 10 prov_attr2 10 prov_attr3 17
1771
1772 2 1 0 17 1771 19 1769 23
1773 1 4 10 prov_attr3 1 0 25234448 25234464 1 13
1774
1775 1 150 0 13 1774 4 0 10 prov_attr1 17 1763 10 prov_attr2 17 1767 10 prov_attr3 17 1771 10 prov_attr4 17
1776
1777 1 1 0 17 1776 20 1765 23
1778 1 4 10 prov_attr4 1 2000000000 24108464 139650584706267 1 13
1779
1780 1 150 0 13 1779 3 0 10 prov_attr1 17
1781
1782 2 1 0 17 1781 20
1783 3 5 167837953 23
1784 1 4 10 prov_attr1 10 prov_attr2 17
1785
1786 2 1 0 17 1785 19
1787 3 8 160 1100001101100111001110001100111000101100001010100000010001000001101100101011110111111000100010000011101010100001111001001011010010110001000000100000101001011101 23
1788 1 4 10 prov_attr2 10 prov_attr3 17
1789
1790 2 1 0 17 1789 19 1787 23
1791 1 4 10 prov_attr3 1 0 3472609771204390960 3472609775499358256 1 13
1792
1793 1 150 0 13 1792 4 0 10 prov_attr1 17 1781 10 prov_attr2 17 1785 10 prov_attr3 17 1789 10 prov_attr4 17
1794
1795 1 1 0 17 1794 20 1783 23
1796 1 4 10 prov_attr4 1 2000000000 24108464 139650584706267 1 13
1797
1798 1 150 0 13 1797 3 0 10 prov_attr1 17
1799
1800 2 1 0 17 1799 20
1801 3 5 167837953 23
1802 1 4 10 prov_attr1 10 prov_attr2 17
1803
1804 2 1 0 17 1803 19
1805 3 8 160 1100010000000000101000100011100100110000111001010100111101011101010100011111010100000101111010111011111101101101001111011011111000100110001001101101000101110101 23
1806 1 4 10 prov_attr2 10 prov_attr3 17
1807
1808 2 1 0 17 1807 19 1805 23
1809 1 4 10 prov_attr3 1 0 3544386989794079025 3544386989777236016 1 13
1810
1811 1 150 0 13 1810 4 0 10 prov_attr1 17 1799 10 prov_attr2 17 1803 10 prov_attr3 17 1807 10 prov_attr4 17
1812
1813 1 1 0 17 1812 20 1801 23
1814 1 4 10 prov_attr4 1 2000000000 24108464 139650584706267 1 13
1815
1816 1 150 0 13 1815 3 0 10 prov_attr1 17
1817
1818 2 1 0 17 1817 20
1819 3 5 167837953 23
1820 1 4 10 prov_attr1 10 prov_attr2 17
1821
1822 2 1 0 17 1821 19
1823 3 8 160 1100100000010110000001101110111111000110010101001111001110000010110000101011111110000001101010000010110011101101101111000100100101011011010101110011000100110011 23
1824 1 4 10 prov_attr2 10 prov_attr3 17
1825
1826 2 1 0 17 1825 19 1823 23
1827 1 4 10 prov_attr3 1 0 3544385894560575792 3544667369554063664 1 13
1828
1829 1 150 0 13 1828 4 0 10 prov_attr1 17 1817 10 prov_attr2 17 1821 10 prov_attr3 17 1825 10 prov_attr4 17
1830
1831 1 1 0 17 1830 20 1819 23
1832 1 4 10 prov_attr4 1 2000000000 24108464 139650584706267 1 13
1833
1834 1 150 0 13 1833 3 0 10 prov_attr1 17
1835
1836 2 1 0 17 1835 20
1837 3 5 167837953 23
1838 1 4 10 prov_attr1 10 prov_attr2 17
1839
1840 2 1 0 17 1839 19
1841 3 8 160 1100100000100011011001111000111001011001000010110010100101101100101100000001011001001101001110001010011000111110000011001101000010100000011101111011101010010111 23
1842 1 4 10 prov_attr2 10 prov_attr3 17
1843
1844 2 1 0 17 1843 19 1841 23
1845 1 4 10 prov_attr3 1 0 3544668464770789680 3472609775516201009 1 13
1846
1847 1 150 0 13 1846 4 0 10 prov_attr1 17 1835 10 prov_attr2 17 1839 10 prov_attr3 17 1843 10 prov_attr4 17
1848
1849 1 1 0 17 1848 20 1837 23
1850 1 4 10 prov_attr4 1 2000000000 24108464 139650584706267 1 13
1851
1852 1 150 0 13 1851 3 0 10 prov_attr1 17
1853
1854 2 1 0 17 1853 20
1855 3 5 167837953 23
1856 1 4 10 prov_attr1 10 prov_attr2 17
1857
1858 2 1 0 17 1857 19
1859 3 8 160 1100101100100010110010111000100000101101000001111000101110000101110110111000111101010011001011011001100010010001101011001011110100110100010010110010100010101011 23
1860 1 4 10 prov_attr2 10 prov_attr3 17
1861
1862 2 1 0 17 1861 19 1859 23
1863 1 4 10 prov_attr3 1 0 25205248 139650565044152 1 13
1864
1865 1 150 0 13 1864 4 0 10 prov_attr1 17 1853 10 prov_attr2 17 1857 10 prov_attr3 17 1861 10 prov_attr4 17
1866
1867 1 1 0 17 1866 20 1855 23
1868 1 4 10 prov_attr4 1 2000000000 24108464 139650584706267 1 13
1869
1870 1 150 0 13 1869 3 0 10 prov_attr1 17
1871
1872 2 1 0 17 1871 20
1873 3 5 167837953 23
1874 1 4 10 prov_attr1 10 prov_attr2 17
1875
1876 2 1 0 17 1875 19
1877 3 8 160 1100110110001000100001011001100000000110010111001000001101000010000111010110110100101111010100010010111110011010110110010110111100011011100111010111001000000111 23
1878 1 4 10 prov_attr2 10 prov_attr3 17
1879
1880 2 1 0 17 1879 19 1877 23
1881 1 4 10 prov_attr3 1 0 3473744497235470699 49 1 13
1882
1883 1 150 0 13 1882 4 0 10 prov_attr1 17 1871 10 prov_attr2 17 1875 10 prov_attr3 17 1879 10 prov_attr4 17
1884
1885 1 1 0 17 1884 20 1873 23
1886 1 4 10 prov_attr4 1 2000000000 24108464 139650584706267 1 13
1887
1888 1 150 0 13 1887 3 0 10 prov_attr1 17
1889
1890 2 1 0 17 1889 20
1891 3 5 167837953 23
1892 1 4 10 prov_attr1 10 prov_attr2 17
1893
1894 2 1 0 17 1893 19
1895 3 8 160 1101001101101010100110001010110011100001001110111001100101010010110010111110110110011000100111110000011101011001010011011011000001110010101011110100001100010101 23
1896 1 4 10 prov_attr2 10 prov_attr3 17
1897
1898 2 1 0 17 1897 19 1895 23
1899 1 4 10 prov_attr3 1 0 18446744073709551615 18446744073709551615 1 13
1900
1901 1 150 0 13 1900 4 0 10 prov_attr1 17 1889 10 prov_attr2 17 1893 10 prov_attr3 17 1897 10 prov_attr4 17
1902
1903 1 1 0 17 1902 20 1891 23
1904 1 4 10 prov_attr4 1 2000000000 24108464 139650584706267 1 13
1905
1906 1 150 0 13 1905 3 0 10 prov_attr1 17
1907
1908 2 1 0 17 1907 20
1909 3 5 167837953 23
1910 1 4 10 prov_attr1 10 prov_attr2 17
1911
1912 2 1 0 17 1911 19
1913 3 8 160 1101001111101101111111010101100101010011000010000011000011010111110000100010000001110001111001001001111011111100001011111111010010111100011001101001000110111110 23
1914 1 4 10 prov_attr2 10 prov_attr3 17
1915
1916 2 1 0 17 1915 19 1913 23
1917 1 4 10 prov_attr3 1 0 7956004984497795700 3546919190792251753 1 13
1918
1919 1 150 0 13 1918 4 0 10 prov_attr1 17 1907 10 prov_attr2 17 1911 10 prov_attr3 17 1915 10 prov_attr4 17
1920
1921 1 1 0 17 1920 20 1909 23
1922 1 4 10 prov_attr4 1 2000000000 24108464 139650584706267 1 13
1923
1924 1 150 0 13 1923 3 0 10 prov_attr1 17
1925
1926 2 1 0 17 1925 20
1927 3 5 167837953 23
1928 1 4 10 prov_attr1 10 prov_attr2 17
1929
1930 2 1 0 17 1929 19
1931 3 8 160 1101010001001100000111010011110001100111011100110010110100101101000111101011001101001000111110100001000000010110010000010110100010011011101001110100001001101001 23
1932 1 4 10 prov_attr2 10 prov_attr3 17
1933
1934 2 1 0 17 1933 19 1931 23
1935 1 4 10 prov_attr3 1 0 7309940803762221114 3470430767969298796 1 13
1936
1937 1 150 0 13 1936 4 0 10 prov_attr1 17 1925 10 prov_attr2 17 1929 10 prov_attr3 17 1933 10 prov_attr4 17
1938
1939 1 1 0 17 1938 20 1927 23
1940 1 4 10 prov_attr4 1 2000000000 24108464 139650584706267 1 13
1941
1942 1 150 0 13 1941 3 0 10 prov_attr1 17
1943
1944 2 1 0 17 1943 20
1945 3 5 167837953 23
1946 1 4 10 prov_attr1 10 prov_attr2 17
1947
1948 2 1 0 17 1947 19
1949 2 8 160 1101010011011101111011000011101000011011011001010111101000110011100010010000111011100111100000101111010011011001101111111100110011000100111100010100011011101110 23
1950 1 4 10 prov_attr2 10 prov_attr3 17
1951
1952 2 1 0 17 1951 19
1953 2 8 160 1000010010001000111111100110101111011010000010111101111101111111100011100110110111000010001101100010001100110111100011001111010100110010011110111101101000000110 23
1954 1 4 10 prov_attr3 1 0 3472610875011051568 3472328300539490609 1 13
1955
1956 1 150 0 13 1955 4 0 10 prov_attr1 17 1943 10 prov_attr2 17 1947 10 prov_attr3 17 1951 10 prov_attr4 17
1957
1958 1 1 0 17 1957 20
1959 2 5 167837953 23
1960 1 4 10 prov_attr4 1 4495000000 24108464 139650584706267 1 13
1961
1962 1 150 0 13 1961 3 0 10 prov_attr1 17
1963
1964 2 1 0 17 1963 20
1965 3 5 167837953 23
1966 1 4 10 prov_attr1 10 prov_attr2 17
1967
1968 2 1 0 17 1967 19
1969 3 8 160 1101010100010001100001011111000101101001010111010111001001000000100110100100000110000001100101100000010101001010000101111101011100100010000101111101000111101101 23
1970 1 4 10 prov_attr2 10 prov_attr3 17
1971
1972 2 1 0 17 1971 19 1969 23
1973 1 4 10 prov_attr3 1 0 3544668464770723888 3544385890282385713 1 13
1974
1975 1 150 0 13 1974 4 0 10 prov_attr1 17 1963 10 prov_attr2 17 1967 10 prov_attr3 17 1971 10 prov_attr4 17
1976
1977 1 1 0 17 1976 20 1965 23
1978 1 4 10 prov_attr4 1 2000000000 24108464 139650584706267 1 13
1979
1980 1 150 0 13 1979 3 0 10 prov_attr1 17
1981
1982 2 1 0 17 1981 20
1983 3 5 167837953 23
1984 1 4 10 prov_attr1 10 prov_attr2 17
1985
1986 2 1 0 17 1985 19
1987 3 8 160 1101011101001010110101001111000011000000011001110010011110010000000001010001110011011011001010110100111100111001101110110010110010011100011011110111011100010011 23
1988 1 4 10 prov_attr2 10 prov_attr3 17
1989
1990 2 1 0 17 1989 19 1987 23
1991 1 4 10 prov_attr3 1 0 3472329400051052592 3544667369554063665 1 13
1992
1993 1 150 0 13 1992 4 0 10 prov_attr1 17 1981 10 prov_attr2 17 1985 10 prov_attr3 17 1989 10 prov_attr4 17
1994
1995 1 1 0 17 1994 20 1983 23
1996 1 4 10 prov_attr4 1 2000000000 24108464 139650584706267 1 13
1997
1998 1 150 0 13 1997 3 0 10 prov_attr1 17
1999
2000 2 1 0 17 1999 20
2001 2 5 167837953 23
2002 1 4 10 prov_attr1 10 prov_attr2 17
2003
2004 2 1 0 17 2003 19
2005 2 8 160 1101011110011001001110001111101011000111011001101000101101111000011001101101110011000011101101110110010111110100111111000000001101111101100010101101011101010100 23
2006 1 4 10 prov_attr2 10 prov_attr3 17
2007
2008 2 1 0 17 2007 19
2009 2 8 160 1001000011100001010010111011000011001010110011101000010010011110101101100011000010010000000101001011010101011100100011000000011001111010100001111111001111010011 23
2010 1 4 10 prov_attr3 1 0 24108464 139650584706267 1 13
2011
2012 1 150 0 13 2011 4 0 10 prov_attr1 17 1999 10 prov_attr2 17 2003 10 prov_attr3 17 2007 10 prov_attr4 17
2013
2014 1 1 0 17 2013 20
2015 2 5 167837953 23
2016 1 4 10 prov_attr4 1 4257000000 24108464 139650584706267 1 13
2017
2018 1 150 0 13 2017 3 0 10 prov_attr1 17
2019
2020 2 1 0 17 2019 20
2021 2 5 167837953 23
2022 1 4 10 prov_attr1 10 prov_attr2 17
2023
2024 2 1 0 17 2023 19
2025 2 8 160 1101011111011011000100110101010011000000011100101011001011010110010101100101101000110110000100010111101010100010000011111000111011010111011000100110000010100000 23
2026 1 4 10 prov_attr2 10 prov_attr3 17
2027
2028 2 1 0 17 2027 19
2029 2 8 160 1001010000100100001100110101101001011110110011011110111011110001100100000000101111110000100010110011110110100010010011101101111000100100010100110100111011000001 23
2030 1 4 10 prov_attr3 1 0 25263328 25264672 1 13
2031
2032 1 150 0 13 2031 4 0 10 prov_attr1 17 2019 10 prov_attr2 17 2023 10 prov_attr3 17 2027 10 prov_attr4 17
2033
2034 1 1 0 17 2033 20
2035 2 5 167837953 23
2036 1 4 10 prov_attr4 1 3624000000 24108464 139650584706267 1 13
2037
2038 1 150 0 13 2037 3 0 10 prov_attr1 17
2039
2040 2 1 0 17 2039 20
2041 3 5 167837953 23
2042 1 4 10 prov_attr1 10 prov_attr2 17
2043
2044 2 1 0 17 2043 19
2045 3 8 160 1101100011011101001011111110100001000001010010111110100010001101010101110110100100011010010000101011011000100011101000010010011110101101010010110000001001110010 23
2046 1 4 10 prov_attr2 10 prov_attr3 17
2047
2048 2 1 0 17 2047 19 2045 23
2049 1 4 10 prov_attr3 1 0 3544667369537286448 3472609771204390960 1 13
2050
2051 1 150 0 13 2050 4 0 10 prov_attr1 17 2039 10 prov_attr2 17 2043 10 prov_attr3 17 2047 10 prov_attr4 17
2052
2053 1 1 0 17 2052 20 2041 23
2054 1 4 10 prov_attr4 1 2000000000 24108464 139650584706267 1 13
2055
2056 1 150 0 13 2055 3 0 10 prov_attr1 17
2057
2058 2 1 0 17 2057 20
2059 3 5 167837953 23
2060 1 4 10 prov_attr1 10 prov_attr2 17
2061
2062 2 1 0 17 2061 19
2063 3 8 160 1101100110110100011001111010110000011001000111101010101000010011110111100101001000100101111111001101111111101010001011010010011011010001110011101111110000110111 23
2064 1 4 10 prov_attr2 10 prov_attr3 17
2065
2066 2 1 0 17 2065 19 2063 23
2067 1 4 10 prov_attr3 1 0 0 139646566662144 1 13
2068
2069 1 150 0 13 2068 4 0 10 prov_attr1 17 2057 10 prov_attr2 17 2061 10 prov_attr3 17 2065 10 prov_attr4 17
2070
2071 1 1 0 17 2070 20 2059 23
2072 1 4 10 prov_attr4 1 2000000000 24108464 139650584706267 1 13
2073
2074 1 150 0 13 2073 3 0 10 prov_attr1 17
2075
2076 2 1 0 17 2075 20
2077 3 5 167837953 23
2078 1 4 10 prov_attr1 10 prov_attr2 17
2079
2080 2 1 0 17 2079 19
2081 2 8 160 1101110011001000000001111110010110100000110111111001111010000101000100010101010101000100101110001101010001010011100101011000001111011110110000011100110011011001 23
2082 1 4 10 prov_attr2 10 prov_attr3 17
2083
2084 2 1 0 17 2083 19
2085 2 8 160 0100001101011001010011110101001010011101010100001101010100010011100100010000110111100110111010111100010100000111011011100001001000000111100110100011110110100010 23
2086 1 4 10 prov_attr3 1 0 3544386989794013488 3472329395739308336 1 13
2087
2088 1 150 0 13 2087 4 0 10 prov_attr1 17 2075 10 prov_attr2 17 2079 10 prov_attr3 17 2083 10 prov_attr4 17
2089
2090 1 1 0 17 2089 20
2091 2 5 167837953 23
2092 1 4 10 prov_attr4 1 4897000000 24108464 139650584706267 1 13
2093
2094 1 150 0 13 2093 3 0 10 prov_attr1 17
2095
2096 2 1 0 17 2095 20
2097 3 5 167837953 23
2098 1 4 10 prov_attr1 10 prov_attr2 17
2099
2100 2 1 0 17 2099 19
2101 3 8 160 1110000100001111111100110101100000001011101100011000011111000111101101000111110100100001010101001001010010001100000100101011110100011010000100110011010001101111 23
2102 1 4 10 prov_attr2 10 prov_attr3 17
2103
2104 2 1 0 17 2103 19 2101 23
2105 1 4 10 prov_attr3 1 0 7809649923702682412 4121980230466888051 1 13
2106
2107 1 150 0 13 2106 4 0 10 prov_attr1 17 2095 10 prov_attr2 17 2099 10 prov_attr3 17 2103 10 prov_attr4 17
2108
2109 1 1 0 17 2108 20 2097 23
2110 1 4 10 prov_attr4 1 2000000000 24108464 139650584706267 1 13
2111
2112 1 150 0 13 2111 3 0 10 prov_attr1 17
2113
2114 2 1 0 17 2113 20
2115 3 5 167837953 23
2116 1 4 10 prov_attr1 10 prov_attr2 17
2117
2118 2 1 0 17 2117 19
2119 2 8 160 1110001001010000001101010001001110000111000010111101011011001101111001011011101010010011111010111110010111000111110010001010010100000011011111111000111100101001 23
2120 1 4 10 prov_attr2 10 prov_attr3 17
2121
2122 2 1 0 17 2121 19
2123 2 8 160 0010010100110010100101001010110110010011001000101000010111111000011111010100111010000001010000110100011001111110100001000110000110000110101100111110110100101000 23
2124 1 4 10 prov_attr3 1 0 3544386989777301809 3544668464753946929 1 13
2125
2126 1 150 0 13 2125 4 0 10 prov_attr1 17 2113 10 prov_attr2 17 2117 10 prov_attr3 17 2121 10 prov_attr4 17
2127
2128 1 1 0 17 2127 20
2129 2 5 167837953 23
2130 1 4 10 prov_attr4 1 4002000000 24108464 139650584706267 1 13
2131
2132 1 150 0 13 2131 3 0 10 prov_attr1 17
2133
2134 2 1 0 17 2133 20
2135 3 5 167837953 23
2136 1 4 10 prov_attr1 10 prov_attr2 17
2137
2138 2 1 0 17 2137 19
2139 3 8 160 1110100011000000111111110000100001101011011110010100111001110100001100000000001000101100100010101000010100100100110111110011111111110110111000000110000101001101 23
2140 1 4 10 prov_attr2 10 prov_attr3 17
2141
2142 2 1 0 17 2141 19 2139 23
2143 1 4 10 prov_attr3 1 0 25311760 25128704 1 13
2144
2145 1 150 0 13 2144 4 0 10 prov_attr1 17 2133 10 prov_attr2 17 2137 10 prov_attr3 17 2141 10 prov_attr4 17
2146
2147 1 1 0 17 2146 20 2135 23
2148 1 4 10 prov_attr4 1 2000000000 24108464 139650584706267 1 13
2149
2150 1 150 0 13 2149 3 0 10 prov_attr1 17
2151
2152 2 1 0 17 2151 20
2153 3 5 167837953 23
2154 1 4 10 prov_attr1 10 prov_attr2 17
2155
2156 2 1 0 17 2155 19
2157 3 8 160 1110101001010111100101001010001101000011101100000111110110111001100001000100000111110010010100010110011001001101110011110110000010111011110000110110111001001001 23
2158 1 4 10 prov_attr2 10 prov_attr3 17
2159
2160 2 1 0 17 2159 19 2157 23
2161 1 4 10 prov_attr3 1 0 3328205717574020201 211346142005 1 13
2162
2163 1 150 0 13 2162 4 0 10 prov_attr1 17 2151 10 prov_attr2 17 2155 10 prov_attr3 17 2159 10 prov_attr4 17
2164
2165 1 1 0 17 2164 20 2153 23
2166 1 4 10 prov_attr4 1 2000000000 24108464 139650584706267 1 13
2167
2168 1 150 0 13 2167 3 0 10 prov_attr1 17
2169
2170 2 1 0 17 2169 20
2171 3 5 167837953 23
2172 1 4 10 prov_attr1 10 prov_attr2 17
2173
2174 2 1 0 17 2173 19
2175 3 8 160 1110101111001000101011011000111110001100011011011110100011100000101011001010110110111011010101011011101111100100000111100000100101100000011100011100000100110011 23
2176 1 4 10 prov_attr2 10 prov_attr3 17
2177
2178 2 1 0 17 2177 19 2175 23
2179 1 4 10 prov_attr3 1 0 7142822732922778739 3328205640331257192 1 13
2180
2181 1 150 0 13 2180 4 0 10 prov_attr1 17 2169 10 prov_attr2 17 2173 10 prov_attr3 17 2177 10 prov_attr4 17
2182
2183 1 1 0 17 2182 20 2171 23
2184 1 4 10 prov_attr4 1 2000000000 24108464 139650584706267 1 13
2185
2186 1 150 0 13 2185 3 0 10 prov_attr1 17
2187
2188 2 1 0 17 2187 20
2189 3 5 167837953 23
2190 1 4 10 prov_attr1 10 prov_attr2 17
2191
2192 2 1 0 17 2191 19
2193 3 8 160 1110110010110001011111000000100001110001000111100000111111100001111100111010011110111110111110011100011001111110110101010001001100110110111010111010100111001111 23
2194 1 4 10 prov_attr2 10 prov_attr3 17
2195
2196 2 1 0 17 2195 19 2193 23
2197 1 4 10 prov_attr3 1 0 0 25321680 1 13
2198
2199 1 150 0 13 2198 4 0 10 prov_attr1 17 2187 10 prov_attr2 17 2191 10 prov_attr3 17 2195 10 prov_attr4 17
2200
2201 1 1 0 17 2200 20 2189 23
2202 1 4 10 prov_attr4 1 2000000000 24108464 139650584706267 1 13
2203
2204 1 150 0 13 2203 3 0 10 prov_attr1 17
2205
2206 2 1 0 17 2205 20
2207 3 5 167837953 23
2208 1 4 10 prov_attr1 10 prov_attr2 17
2209
2210 2 1 0 17 2209 19
2211 3 8 160 1110110101011101000010001010010000100010000011101000111011001000000100010100111111010100101010010000101011111000010001110010100011101101101011100011000001100101 23
2212 1 4 10 prov_attr2 10 prov_attr3 17
2213
2214 2 1 0 17 2213 19 2211 23
2215 1 4 10 prov_attr3 1 0 25071312 25071312 1 13
2216
2217 1 150 0 13 2216 4 0 10 prov_attr1 17 2205 10 prov_attr2 17 2209 10 prov_attr3 17 2213 10 prov_attr4 17
2218
2219 1 1 0 17 2218 20 2207 23
2220 1 4 10 prov_attr4 1 2000000000 24108464 139650584706267 1 13
2221
2222 1 150 0 13 2221 3 0 10 prov_attr1 17
2223
2224 2 1 0 17 2223 20
2225 3 5 167837953 23
2226 1 4 10 prov_attr1 10 prov_attr2 17
2227
2228 2 1 0 17 2227 19
2229 3 8 160 1110111010011110111111111111011110001001110111101010110101110101000000011000100101100011101010110111001001001110111001100001111110010011001011010011000100001110 23
2230 1 4 10 prov_attr2 10 prov_attr3 17
2231
2232 2 1 0 17 2231 19 2229 23
2233 1 4 10 prov_attr3 1 0 139650565044216 65 1 13
2234
2235 1 150 0 13 2234 4 0 10 prov_attr1 17 2223 10 prov_attr2 17 2227 10 prov_attr3 17 2231 10 prov_attr4 17
2236
2237 1 1 0 17 2236 20 2225 23
2238 1 4 10 prov_attr4 1 2000000000 24108464 139650584706267 1 13
2239
2240 1 150 0 13 2239 3 0 10 prov_attr1 17
2241
2242 2 1 0 17 2241 20
2243 3 5 167837953 23
2244 1 4 10 prov_attr1 10 prov_attr2 17
2245
2246 2 1 0 17 2245 19
2247 3 8 160 1111000101101010000110011111010011111111111001101010111101100011000000111010110101000011011000001110000000101111101100100101000011011011101101011111110011001110 23
2248 1 4 10 prov_attr2 10 prov_attr3 17
2249
2250 2 1 0 17 2249 19 2247 23
2251 1 4 10 prov_attr3 1 0 27782224 139650565044152 1 13
2252
2253 1 150 0 13 2252 4 0 10 prov_attr1 17 2241 10 prov_attr2 17 2245 10 prov_attr3 17 2249 10 prov_attr4 17
2254
2255 1 1 0 17 2254 20 2243 23
2256 1 4 10 prov_attr4 1 2000000000 24108464 139650584706267 1 13
2257
2258 1 150 0 13 2257 3 0 10 prov_attr1 17
2259
2260 2 1 0 17 2259 20
2261 3 5 167837953 23
2262 1 4 10 prov_attr1 10 prov_attr2 17
2263
2264 2 1 0 17 2263 19
2265 3 8 160 1111000110000000100010100111100110001011000101001110001010111001110101011001101110000111000011010111111010101101001100000101011101111010011111100001100010110000 23
2266 1 4 10 prov_attr2 10 prov_attr3 17
2267
2268 2 1 0 17 2267 19 2265 23
2269 1 4 10 prov_attr3 1 0 18446744073709551615 18446744073709551615 1 13
2270
2271 1 150 0 13 2270 4 0 10 prov_attr1 17 2259 10 prov_attr2 17 2263 10 prov_attr3 17 2267 10 prov_attr4 17
2272
2273 1 1 0 17 2272 20 2261 23
2274 1 4 10 prov_attr4 1 2000000000 24108464 139650584706267 1 13
2275
2276 1 150 0 13 2275 3 0 10 prov_attr1 17
2277
2278 2 1 0 17 2277 20
2279 3 5 167837953 23
2280 1 4 10 prov_attr1 10 prov_attr2 17
2281
2282 2 1 0 17 2281 19
2283 3 8 160 1111001010110000001001000000110100010010110011000101010010001010100101110011001000000010010100001010010000011000111101000111011101000011110011101111010101000111 23
2284 1 4 10 prov_attr2 10 prov_attr3 17
2285
2286 2 1 0 17 2285 19 2283 23
2287 1 4 10 prov_attr3 1 0 0 0 1 13
2288
2289 1 150 0 13 2288 4 0 10 prov_attr1 17 2277 10 prov_attr2 17 2281 10 prov_attr3 17 2285 10 prov_attr4 17
2290
2291 1 1 0 17 2290 20 2279 23
2292 1 4 10 prov_attr4 1 0 24108464 139650584706267 1 13
2293
2294 1 150 0 13 2293 3 0 10 prov_attr1 17
2295
2296 2 1 0 17 2295 20
2297 3 5 167837953 23
2298 1 4 10 prov_attr1 10 prov_attr2 17
2299
2300 2 1 0 17 2299 19
2301 3 8 160 1111001100000110010101001001010100110110001011100100011101111001100011111010100100000101000100110111100010001010010101101011000010001101101101110101010111001000 23
2302 1 4 10 prov_attr2 10 prov_attr3 17
2303
2304 2 1 0 17 2303 19 2301 23
2305 1 4 10 prov_attr3 1 0 3544385894560641073 3544386989777236016 1 13
2306
2307 1 150 0 13 2306 4 0 10 prov_attr1 17 2295 10 prov_attr2 17 2299 10 prov_attr3 17 2303 10 prov_attr4 17
2308
2309 1 1 0 17 2308 20 2297 23
2310 1 4 10 prov_attr4 1 2000000000 24108464 139650584706267 1 13
2311
2312 1 150 0 13 2311 3 0 10 prov_attr1 17
2313
2314 2 1 0 17 2313 20
2315 3 5 167837953 23
2316 1 4 10 prov_attr1 10 prov_attr2 17
2317
2318 2 1 0 17 2317 19
2319 3 8 160 1111001110000001101110101111100101100010101010101011010000100010010011001100000100101100111000001001101110110110101101011100100000000011100110101011010111101101 23
2320 1 4 10 prov_attr2 10 prov_attr3 17
2321
2322 2 1 0 17 2321 19 2319 23
2323 1 4 10 prov_attr3 1 0 3328205640146577781 6989646241012594745 1 13
2324
2325 1 150 0 13 2324 4 0 10 prov_attr1 17 2313 10 prov_attr2 17 2317 10 prov_attr3 17 2321 10 prov_attr4 17
2326
2327 1 1 0 17 2326 20 2315 23
2328 1 4 10 prov_attr4 1 2000000000 24108464 139650584706267 1 13
2329
2330 1 150 0 13 2329 3 0 10 prov_attr1 17
2331
2332 2 1 0 17 2331 20
2333 3 5 167837953 23
2334 1 4 10 prov_attr1 10 prov_attr2 17
2335
2336 2 1 0 17 2335 19
2337 2 8 160 1111001110101100100101111100110010111101100111011011110110001000001001010010010011101101010111100010101100101110000111110011100010000111100110101010001001001010 23
2338 1 4 10 prov_attr2 10 prov_attr3 17
2339
2340 2 1 0 17 2339 19
2341 2 8 160 1000010101101011000100110101011111111011111111111100000111101010111001101001110000111000100000011101111110010100000001010100001110010111010001110011011100101011 23
2342 1 4 10 prov_attr3 1 0 3472329395739373616 3544386994072269105 1 13
2343
2344 1 150 0 13 2343 4 0 10 prov_attr1 17 2331 10 prov_attr2 17 2335 10 prov_attr3 17 2339 10 prov_attr4 17
2345
2346 1 1 0 17 2345 20
2347 2 5 167837953 23
2348 1 4 10 prov_attr4 1 4781000000 24108464 139650584706267 1 13
2349
2350 1 150 0 13 2349 3 0 10 prov_attr1 17
2351
2352 2 1 0 17 2351 20
2353 2 5 167837953 23
2354 1 4 10 prov_attr1 10 prov_attr2 17
2355
2356 2 1 0 17 2355 19
2357 2 8 160 1111010001010011011100100110011100010111010100110101001000111000101110111110011011100000110111000011101111111010001110011001011010001100011100000111110001010000 23
2358 1 4 10 prov_attr2 10 prov_attr3 17
2359
2360 2 1 0 17 2359 19
2361 2 8 160 0110110000010001100010000100110010010110001101001000100110010000110000001111001000111010110001011111100011001001001110001011111000001100011101110011100000111001 23
2362 1 4 10 prov_attr3 1 0 24108464 139650584706267 1 13
2363
2364 1 150 0 13 2363 4 0 10 prov_attr1 17 2351 10 prov_attr2 17 2355 10 prov_attr3 17 2359 10 prov_attr4 17
2365
2366 1 1 0 17 2365 20
2367 2 5 167837953 23
2368 1 4 10 prov_attr4 1 4523000000 24108464 139650584706267 1 13
2369
2370 1 150 0 13 2369 3 0 10 prov_attr1 17
2371
2372 2 1 0 17 2371 20
2373 3 5 167837953 23
2374 1 4 10 prov_attr1 10 prov_attr2 17
2375
2376 2 1 0 17 2375 19
2377 3 8 160 1111010001110101010010010010111000011000000111101111000011100111100101000111101110000111011111110000010001000001100110001001100010010110100101000011111111111110 23
2378 1 4 10 prov_attr2 10 prov_attr3 17
2379
2380 2 1 0 17 2379 19 2377 23
2381 1 4 10 prov_attr3 1 0 15892479787862188388 9592786651002427433 1 13
2382
2383 1 150 0 13 2382 4 0 10 prov_attr1 17 2371 10 prov_attr2 17 2375 10 prov_attr3 17 2379 10 prov_attr4 17
2384
2385 1 1 0 17 2384 20 2373 23
2386 1 4 10 prov_attr4 1 2000000000 24108464 139650584706267 1 13
2387
2388 1 150 0 13 2387 3 0 10 prov_attr1 17
2389
2390 2 1 0 17 2389 20
2391 3 5 167837953 23
2392 1 4 10 prov_attr1 10 prov_attr2 17
2393
2394 2 1 0 17 2393 19
2395 3 8 160 1111011000100101001101000100001110001010100110111011111001000010001101010110111011110100110001110111100110101100110101100111010101010001000110001001100010110100 23
2396 1 4 10 prov_attr2 10 prov_attr3 17
2397
2398 2 1 0 17 2397 19 2395 23
2399 1 4 10 prov_attr3 1 0 3472610875011051824 3472329395756151089 1 13
2400
2401 1 150 0 13 2400 4 0 10 prov_attr1 17 2389 10 prov_attr2 17 2393 10 prov_attr3 17 2397 10 prov_attr4 17
2402
2403 1 1 0 17 2402 20 2391 23
2404 1 4 10 prov_attr4 1 2000000000 24108464 139650584706267 1 13
2405
2406 1 150 0 13 2405 3 0 10 prov_attr1 17
2407
2408 2 1 0 17 2407 20
2409 3 5 167837953 23
2410 1 4 10 prov_attr1 10 prov_attr2 17
2411
2412 2 1 0 17 2411 19
2413 3 8 160 1111101110110001101011000000011011000010101101001101110100100101100110010000101000101100000010000100101100001100110101100110011111000111110110001011100010010010 23
2414 1 4 10 prov_attr2 10 prov_attr3 17
2415
2416 2 1 0 17 2415 19 2413 23
2417 1 4 10 prov_attr3 1 0 85899346176 256 1 13
2418
2419 1 150 0 13 2418 4 0 10 prov_attr1 17 2407 10 prov_attr2 17 2411 10 prov_attr3 17 2415 10 prov_attr4 17
2420
2421 1 1 0 17 2420 20 2409 23
2422 1 4 10 prov_attr4 1 2000000000 24108464 139650584706267 1 13
2423
2424 1 150 0 13 2423 3 0 10 prov_attr1 17
2425
2426 2 1 0 17 2425 20
2427 3 5 167837953 23
2428 1 4 10 prov_attr1 10 prov_attr2 17
2429
2430 2 1 0 17 2429 19
2431 3 8 160 1111110010010001110000001011010111000011110010111100100110011101011111111111000001110000101001100101000110010110101110010011110100010000111011000101010110101110 23
2432 1 4 10 prov_attr2 10 prov_attr3 17
2433
2434 2 1 0 17 2433 19 2431 23
2435 1 4 10 prov_attr3 1 0 3472328296244523313 3472328296244523312 1 13
2436
2437 1 150 0 13 2436 4 0 10 prov_attr1 17 2425 10 prov_attr2 17 2429 10 prov_attr3 17 2433 10 prov_attr4 17
2438
2439 1 1 0 17 2438 20 2427 23
2440 1 4 10 prov_attr4 1 2000000000 24108464 139650584706267 1 13
2441
2442 1 150 0 13 2441 3 0 10 prov_attr1 17
2443
2444 2 1 0 17 2443 20
2445 3 5 167837953 23
2446 1 4 10 prov_attr1 10 prov_attr2 17
2447
2448 2 1 0 17 2447 19
2449 3 8 160 1111110100001100000110000101100010110011000111011110011001011110001011101100010011100111101001100001111001100001010001101110110100111111011110110100010000101110 23
2450 1 4 10 prov_attr2 10 prov_attr3 17
2451
2452 2 1 0 17 2451 19 2449 23
2453 1 4 10 prov_attr3 1 0 25029176 385 1 13
2454
2455 1 150 0 13 2454 4 0 10 prov_attr1 17 2443 10 prov_attr2 17 2447 10 prov_attr3 17 2451 10 prov_attr4 17
2456
2457 1 1 0 17 2456 20 2445 23
2458 1 4 10 prov_attr4 1 2000000000 24108464 139650584706267 1 13
2459
2460 1 150 0 13 2459 3 0 10 prov_attr1 17
2461
2462 2 1 0 17 2461 20
2463 3 5 167837953 23
2464 1 4 10 prov_attr1 10 prov_attr2 17
2465
2466 2 1 0 17 2465 19
2467 3 8 160 1111110111100110101111001000010011101100011110010110100011111001000001101100001001110001111000000001011110101101010100000001000101101011001100101101110111011101 23
2468 1 4 10 prov_attr2 10 prov_attr3 17
2469
2470 2 1 0 17 2469 19 2467 23
2471 1 4 10 prov_attr3 1 0 7566156227495883520 7998508388877099264 1 13
2472
2473 1 150 0 13 2472 4 0 10 prov_attr1 17 2461 10 prov_attr2 17 2465 10 prov_attr3 17 2469 10 prov_attr4 17
2474
2475 1 1 0 17 2474 20 2463 23
2476 1 4 10 prov_attr4 1 2000000000 24108464 139650584706267 1
