561 0 
561 1 
561 1 
561 2 
561 2 
561 3 
561 3 
561 4 
561 4 
561 5 
561 5 
561 6 
561 6 
561 7 
561 7 
561 8 
561 8 
561 9 
561 9 
561 10 
561 10 
561 11 
561 11 
561 12 
561 12 
561 13 
561 13 
561 14 
561 14 
561 15 
561 15 
561 16 
561 16 
561 17 
561 17 
561 18 
561 18 
561 19 
561 19 
561 20 
561 20 
561 21 
561 21 
561 22 
561 22 
561 23 
561 23 
561 24 
561 25 
561 25 
561 26 
561 26 
561 27 
561 27 
561 28 
561 28 
561 29 
561 29 
561 30 
561 30 
561 31 
561 31 
561 32 
561 32 
561 33 
561 33 
561 34 
561 34 
561 35 
561 35 
561 36 
561 36 
561 37 
561 37 
561 38 
561 38 
561 39 
561 39 
561 40 
561 40 
561 41 
561 41 
561 42 
561 42 
561 43 
561 43 
561 44 
561 44 
561 45 
561 45 
561 46 
561 46 
561 47 
561 47 
561 48 
561 48 
561 49 
561 50 
561 50 
561 51 
561 51 
561 52 
561 52 
561 53 
561 53 
561 54 
561 54 
561 55 
561 55 
561 56 
561 56 
561 57 
561 57 
561 58 
561 58 
561 59 
561 59 
561 60 
561 60 
561 61 
561 61 
561 62 
561 62 
561 63 
561 63 
561 64 
561 64 
561 65 
561 65 
561 66 
561 66 
561 67 
561 67 
561 68 
561 68 
561 69 
561 69 
561 70 
561 70 
2266 71 
2266 71 
2266 72 
2288 72 
2288 73 
2288 73 
2288 74 
2288 75 
2896 75 
6996 76 
10108 76 
10144 77 
10149 77 
10167 78 
11352 78 
11384 79 
29026 79 
29065 80 
29088 80 
29103 81 
29126 81 
29155 82 
29175 82 
33129 83 
33319 83 
33353 84 
33396 84 
34569 85 
34580 85 
57762 86 
57907 86 
57909 87 
57959 87 
60394 88 
62838 88 
70766 89 
70890 89 
70892 90 
70923 90 
72137 91 
83891 91 
91396 92 
91435 92 
91458 93 
91595 93 
95189 94 
95217 94 
97631 95 
205780 95 
213860 96 
239708 96 
260363 97 
269909 97 
277678 98 
282546 98 
290962 99 
483039 100 
