309 0 
309 1 
309 1 
309 2 
309 2 
309 3 
309 3 
309 4 
309 4 
309 5 
309 5 
309 6 
309 6 
309 7 
309 7 
309 8 
309 8 
309 9 
309 9 
309 10 
309 10 
309 11 
309 11 
309 12 
309 12 
309 13 
309 13 
309 14 
309 14 
309 15 
309 15 
309 16 
309 16 
309 17 
309 17 
309 18 
309 18 
309 19 
309 19 
309 20 
309 20 
309 21 
309 21 
309 22 
309 22 
309 23 
309 23 
309 24 
309 25 
309 25 
309 26 
309 26 
309 27 
309 27 
309 28 
309 28 
309 29 
309 29 
309 30 
309 30 
309 31 
309 31 
309 32 
309 32 
309 33 
309 33 
309 34 
309 34 
309 35 
309 35 
309 36 
309 36 
309 37 
309 37 
309 38 
309 38 
309 39 
309 39 
309 40 
309 40 
309 41 
309 41 
309 42 
309 42 
309 43 
309 43 
309 44 
309 44 
309 45 
309 45 
309 46 
309 46 
309 47 
309 47 
309 48 
309 48 
309 49 
309 50 
309 50 
309 51 
309 51 
309 52 
309 52 
309 53 
309 53 
309 54 
309 54 
309 55 
309 55 
309 56 
309 56 
309 57 
309 57 
309 58 
309 58 
309 59 
309 59 
309 60 
309 60 
309 61 
309 61 
309 62 
309 62 
309 63 
309 63 
309 64 
309 64 
309 65 
309 65 
309 66 
309 66 
309 67 
309 67 
309 68 
309 68 
309 69 
309 69 
309 70 
309 70 
1373 71 
1373 71 
1373 72 
1373 72 
1373 73 
1373 73 
1373 74 
1373 75 
1373 75 
6559 76 
9631 76 
9642 77 
9644 77 
9661 78 
10816 78 
10856 79 
28035 79 
28102 80 
28112 80 
28116 81 
28128 81 
28140 82 
28143 82 
32181 83 
32211 83 
32291 84 
32292 84 
33349 85 
33425 85 
55939 86 
56030 86 
56137 87 
56324 87 
58569 88 
60996 88 
68607 89 
68608 89 
68839 90 
68975 90 
69937 91 
81431 91 
88694 92 
88810 92 
89029 93 
89081 93 
92389 94 
92445 94 
94838 95 
1285110 95 
2781012 96 
7944129 96 
12180692 97 
14103034 97 
15598594 98 
16666285 98 
16788739 99 
18382064 100 
