1563257 1 
1707045 2 
1851313 3 
2137042 4 
2137462 5 
2137684 6 
2137911 7 
2138729 8 
2280227 9 
2280379 10 
2281114 11 
2423903 12 
2423925 13 
2424359 14 
2424399 15 
2424878 16 
2425329 17 
2567302 18 
2567458 19 
2709582 20 
2710583 21 
2710732 22 
2711178 23 
2711801 24 
2712331 25 
2853601 26 
2853810 27 
2854637 28 
2854743 29 
2855272 30 
2855675 31 
2855717 32 
2855959 33 
2997370 34 
2998128 35 
2998370 36 
2998379 37 
2998764 38 
3140431 39 
3141107 40 
3141459 41 
3141957 42 
3142831 43 
3283113 44 
3284764 45 
3285038 46 
3285289 47 
3428890 48 
3429627 49 
3714928 50 
3715087 51 
3715995 52 
3859379 53 
4000903 54 
4001061 55 
4432179 56 
4433097 57 
4717959 58 
5005741 59 
5005759 60 
5006340 61 
5007206 62 
5291736 63 
5294346 64 
5434265 65 
5436919 66 
5579507 67 
5580106 68 
5581390 69 
5724401 70 
5868255 71 
6158230 72 
6450306 73 
6889986 74 
7035708 75 
7037532 76 
7183804 77 
8645995 78 
8795589 79 
9087343 80 
10261446 81 
10847776 82 
12751702 83 
13188643 84 
13629889 85 
14217868 86 
18175319 87 
18759689 88 
22128913 89 
22133516 90 
23449629 91 
24180572 92 
25790865 93 
27112765 94 
28284063 95 
28579334 96 
54077648 97 
57738324 98 
73524670 99 
73977123 100 
