177 0 
177 1 
177 1 
177 2 
177 2 
177 3 
177 3 
177 4 
177 4 
177 5 
177 5 
177 6 
177 6 
177 7 
177 7 
177 8 
177 8 
177 9 
177 9 
177 10 
177 10 
177 11 
177 11 
177 12 
177 12 
177 13 
177 13 
177 14 
177 14 
177 15 
177 15 
177 16 
177 16 
177 17 
177 17 
177 18 
177 18 
177 19 
177 19 
177 20 
177 20 
177 21 
177 21 
177 22 
177 22 
177 23 
177 23 
177 24 
177 25 
177 25 
177 26 
177 26 
177 27 
177 27 
177 28 
177 28 
177 29 
177 29 
177 30 
177 30 
177 31 
177 31 
177 32 
177 32 
177 33 
177 33 
177 34 
177 34 
177 35 
177 35 
177 36 
177 36 
177 37 
177 37 
177 38 
177 38 
177 39 
177 39 
177 40 
177 40 
177 41 
177 41 
177 42 
177 42 
177 43 
177 43 
177 44 
177 44 
177 45 
177 45 
177 46 
177 46 
177 47 
177 47 
177 48 
177 48 
177 49 
177 50 
177 50 
177 51 
177 51 
177 52 
177 52 
177 53 
177 53 
177 54 
177 54 
177 55 
177 55 
177 56 
177 56 
177 57 
177 57 
177 58 
177 58 
177 59 
177 59 
177 60 
177 60 
177 61 
177 61 
177 62 
177 62 
177 63 
177 63 
177 64 
177 64 
177 65 
177 65 
177 66 
177 66 
177 67 
177 67 
177 68 
177 68 
177 69 
177 69 
177 70 
177 70 
1064182 71 
1064348 71 
1064794 72 
1064828 72 
1065026 73 
1065237 73 
1065248 74 
1065647 75 
1236406 75 
1236479 76 
1236631 76 
1236816 77 
1236902 77 
1238115 78 
1238945 78 
1239408 79 
1416858 79 
1416951 80 
1417132 80 
1417412 81 
1417842 81 
1417850 82 
1417858 82 
1417949 83 
1418080 83 
1418213 84 
1418279 84 
1418299 85 
1418335 85 
1418410 86 
1418453 86 
1418649 87 
1418721 87 
1418899 88 
1418903 88 
1418930 89 
1418936 89 
1419094 90 
1419111 90 
1419176 91 
1419222 91 
2144148 92 
2491290 92 
2850586 93 
2851338 93 
2851499 94 
2851521 94 
2851754 95 
2851909 95 
2852427 96 
4284260 96 
4284415 97 
4284520 97 
5712391 98 
5715606 98 
7175229 99 
8638598 100 
