309 0 
309 1 
309 1 
309 2 
309 2 
309 3 
309 3 
309 4 
309 4 
309 5 
309 5 
309 6 
309 6 
309 7 
309 7 
309 8 
309 8 
309 9 
309 9 
309 10 
309 10 
309 11 
309 11 
309 12 
309 12 
309 13 
309 13 
309 14 
309 14 
309 15 
309 15 
309 16 
309 16 
309 17 
309 17 
309 18 
309 18 
309 19 
309 19 
309 20 
309 20 
309 21 
309 21 
309 22 
309 22 
309 23 
309 23 
309 24 
309 25 
309 25 
309 26 
309 26 
309 27 
309 27 
309 28 
309 28 
309 29 
309 29 
309 30 
309 30 
309 31 
309 31 
309 32 
309 32 
309 33 
309 33 
309 34 
309 34 
309 35 
309 35 
309 36 
309 36 
309 37 
309 37 
309 38 
309 38 
309 39 
309 39 
309 40 
309 40 
309 41 
309 41 
309 42 
309 42 
309 43 
309 43 
309 44 
309 44 
309 45 
309 45 
309 46 
309 46 
309 47 
309 47 
309 48 
309 48 
309 49 
309 50 
309 50 
309 51 
309 51 
309 52 
309 52 
309 53 
309 53 
309 54 
309 54 
309 55 
309 55 
309 56 
309 56 
309 57 
309 57 
309 58 
309 58 
309 59 
309 59 
309 60 
309 60 
309 61 
309 61 
309 62 
309 62 
309 63 
309 63 
309 64 
309 64 
309 65 
309 65 
309 66 
309 66 
309 67 
309 67 
309 68 
309 68 
309 69 
309 69 
309 70 
309 70 
1351 71 
1351 71 
1373 72 
1373 72 
1373 73 
1373 73 
1373 74 
1373 75 
1373 75 
1526 76 
1526 76 
1526 77 
1526 77 
1526 78 
1526 78 
1526 79 
1526 79 
1526 80 
1526 80 
1526 81 
1533 81 
1533 82 
1533 82 
1537 83 
1537 83 
1548 84 
1548 84 
1548 85 
1548 85 
1548 86 
1548 86 
1548 87 
1548 87 
1548 88 
1548 88 
1548 89 
1548 89 
2672 90 
2686 90 
2690 91 
2701 91 
2712 92 
2723 92 
3854 93 
4997 93 
5045 94 
6238 94 
7384 95 
2745990 95 
2922634 96 
2924190 96 
3099527 97 
3276924 97 
3278200 98 
3457211 98 
3458337 99 
7112674 100 
