1262425 1 
1388855 2 
1406931 3 
1407126 4 
1550199 5 
1568993 6 
1587090 7 
1587518 8 
1696191 9 
1714169 10 
1730413 11 
1747510 12 
1748828 13 
1749113 14 
1766097 15 
1766365 16 
1821352 17 
1837703 18 
1838474 19 
1855771 20 
1856630 21 
1873166 22 
1892308 23 
1909290 25 
1946767 26 
1964661 27 
1964786 28 
1999992 29 
2000221 30 
2036777 31 
2054334 32 
2072238 33 
2072335 34 
2073490 35 
2106741 36 
2143525 37 
2145892 38 
2163013 39 
2180516 40 
2180596 41 
2197817 42 
2198075 43 
2198526 44 
2198558 45 
2215010 46 
2215749 47 
2234144 48 
2250728 50 
2251413 51 
2253925 52 
2269235 53 
2269468 54 
2306095 55 
2323104 56 
2323967 57 
2324126 58 
2342698 59 
2376931 60 
2394675 61 
2396400 62 
2414347 63 
2430901 64 
2432209 65 
2466705 66 
2485485 67 
2485528 68 
2503357 69 
2505190 70 
2521551 71 
2522801 72 
2522856 73 
2522988 75 
2556724 76 
2558817 77 
2575766 78 
2609927 79 
2631016 80 
2648626 81 
2684249 82 
2701857 83 
2719210 84 
2737726 85 
2755890 86 
2773639 87 
2774066 88 
2810541 89 
3006161 90 
3008194 91 
3025424 92 
3044299 93 
3185772 94 
3205043 95 
3205483 96 
3312800 97 
3330166 98 
3547878 100 
