1262425 0 
1388855 1 
1406931 1 
1407126 2 
1550199 2 
1563257 3 
1568993 3 
1587090 4 
1587518 4 
1696191 5 
1707045 5 
1714169 6 
1730413 6 
1747510 7 
1748828 7 
1749113 8 
1766097 8 
1766365 9 
1821352 9 
1837703 10 
1838474 10 
1851313 11 
1855771 11 
1856630 12 
1873166 12 
1892308 13 
1909290 13 
1946767 14 
1964661 14 
1964786 15 
1999992 15 
2000221 16 
2036777 16 
2054334 17 
2072238 17 
2072335 18 
2073490 18 
2106741 19 
2137042 19 
2137462 20 
2137684 20 
2137911 21 
2138729 21 
2143525 22 
2145892 22 
2163013 23 
2180516 23 
2180596 24 
2197817 25 
2198075 25 
2198526 26 
2198558 26 
2215010 27 
2215749 27 
2234144 28 
2250728 28 
2251413 29 
2253925 29 
2269235 30 
2269468 30 
2280227 31 
2280379 31 
2281114 32 
2306095 32 
2323104 33 
2323967 33 
2324126 34 
2342698 34 
2376931 35 
2394675 35 
2396400 36 
2414347 36 
2423903 37 
2423925 37 
2424359 38 
2424399 38 
2424878 39 
2425329 39 
2430901 40 
2432209 40 
2466705 41 
2485485 41 
2485528 42 
2503357 42 
2505190 43 
2521551 43 
2522801 44 
2522856 44 
2522988 45 
2556724 45 
2558817 46 
2567302 46 
2567458 47 
2575766 47 
2609927 48 
2631016 48 
2648626 49 
2684249 50 
2701857 50 
2709582 51 
2710583 51 
2710732 52 
2711178 52 
2711801 53 
2712331 53 
2719210 54 
2737726 54 
2755890 55 
2773639 55 
2774066 56 
2810541 56 
2853601 57 
2853810 57 
2854637 58 
2854743 58 
2855272 59 
2855675 59 
2855717 60 
2855959 60 
2997370 61 
2998128 61 
2998370 62 
2998379 62 
2998764 63 
3006161 63 
3008194 64 
3025424 64 
3044299 65 
3140431 65 
3141107 66 
3141459 66 
3141957 67 
3142831 67 
3185772 68 
3205043 68 
3205483 69 
3283113 69 
3284764 70 
3285038 70 
3285289 71 
3312800 71 
3330166 72 
3428890 72 
3429627 73 
3547878 73 
3714928 74 
3715087 75 
3715995 75 
3859379 76 
4000903 76 
4001061 77 
4432179 77 
4433097 78 
4717959 78 
5005741 79 
5005759 79 
5006340 80 
5007206 80 
5291736 81 
5294346 81 
5434265 82 
5436919 82 
5579507 83 
5580106 83 
5581390 84 
5724401 84 
5868255 85 
6158230 85 
6450306 86 
6889986 86 
7035708 87 
7037532 87 
7183804 88 
8645995 88 
8795589 89 
9087343 89 
10261446 90 
10847776 90 
12751702 91 
13188643 91 
13629889 92 
14217868 92 
18175319 93 
18759689 93 
22128913 94 
22133516 94 
23449629 95 
24180572 95 
25790865 96 
27112765 96 
28284063 97 
28579334 97 
54077648 98 
57738324 98 
73524670 99 
73977123 100 
