409 0 
409 1 
409 1 
409 2 
409 2 
409 3 
409 3 
409 4 
409 4 
409 5 
409 5 
409 6 
409 6 
409 7 
409 7 
409 8 
409 8 
409 9 
409 9 
409 10 
409 10 
409 11 
409 11 
409 12 
409 12 
409 13 
409 13 
409 14 
409 14 
409 15 
409 15 
409 16 
409 16 
409 17 
409 17 
409 18 
409 18 
409 19 
409 19 
409 20 
409 20 
409 21 
409 21 
409 22 
409 22 
409 23 
409 23 
409 24 
409 25 
409 25 
409 26 
409 26 
409 27 
409 27 
409 28 
409 28 
409 29 
409 29 
409 30 
409 30 
409 31 
409 31 
409 32 
409 32 
409 33 
409 33 
409 34 
409 34 
409 35 
409 35 
409 36 
409 36 
409 37 
409 37 
409 38 
409 38 
409 39 
409 39 
409 40 
409 40 
409 41 
409 41 
409 42 
409 42 
409 43 
409 43 
409 44 
409 44 
409 45 
409 45 
409 46 
409 46 
409 47 
409 47 
409 48 
409 48 
409 49 
409 50 
409 50 
409 51 
409 51 
409 52 
409 52 
409 53 
409 53 
409 54 
409 54 
409 55 
409 55 
409 56 
409 56 
409 57 
409 57 
409 58 
409 58 
409 59 
409 59 
409 60 
409 60 
409 61 
409 61 
409 62 
409 62 
409 63 
409 63 
409 64 
409 64 
409 65 
409 65 
409 66 
409 66 
409 67 
409 67 
409 68 
409 68 
409 69 
409 69 
409 70 
409 70 
1622 71 
1622 71 
1629 72 
1629 72 
1629 73 
1629 73 
1629 74 
1629 75 
1630 75 
1630 76 
1630 76 
1630 77 
1630 77 
1630 78 
1630 78 
1630 79 
1636 79 
1636 80 
1636 80 
1640 81 
1640 81 
1651 82 
1651 82 
1651 83 
1651 83 
1651 84 
1651 84 
1651 85 
2058 85 
2062 86 
2074 86 
2084 87 
2084 87 
2084 88 
2084 88 
2084 89 
2685 89 
2782 90 
2782 90 
2784 91 
2800 91 
2804 92 
2806 92 
4002 93 
5115 93 
5125 94 
6310 94 
7490 95 
1066539 95 
1066541 96 
1066828 96 
1067428 97 
1067638 97 
1067776 98 
1068341 98 
1068534 99 
2147967 100 
