434196 1 
539638 2 
540828 3 
649607 4 
650079 5 
653310 6 
653489 7 
755444 8 
758407 9 
760103 10 
760518 11 
760716 12 
760751 13 
761602 14 
761944 15 
764198 16 
765357 17 
865484 18 
866801 19 
868224 20 
869650 21 
870560 22 
871366 23 
872826 25 
873257 26 
875438 27 
875478 28 
971307 29 
975721 30 
977010 31 
977922 32 
979377 33 
981253 34 
981342 35 
981464 36 
981605 37 
985977 38 
1083676 39 
1085351 40 
1085902 41 
1087003 42 
1088402 43 
1088806 44 
1089968 45 
1090228 46 
1090688 47 
1090734 48 
1090796 50 
1091539 51 
1098420 52 
1194223 53 
1194373 54 
1194413 55 
1195364 56 
1196644 57 
1197343 58 
1198135 59 
1200328 60 
1200867 61 
1200983 62 
1201899 63 
1201991 64 
1202869 65 
1302860 66 
1302977 67 
1303749 68 
1305978 69 
1306562 70 
1308181 71 
1308880 72 
1309075 73 
1309119 75 
1309169 76 
1310623 77 
1315721 78 
1417958 79 
1419273 80 
1419395 81 
1419476 82 
1419631 83 
1423173 84 
1520067 85 
1528168 86 
1529512 87 
1629863 88 
1630453 89 
1631760 90 
1634524 91 
1634920 92 
1635899 93 
1635906 94 
1638072 95 
1640508 96 
1743154 97 
1848114 98 
1856848 100 
