7409 1 
7435 2 
8585 3 
8588 4 
8600 5 
8638 6 
9794 7 
9804 8 
9819 9 
9822 10 
9823 11 
10957 12 
10976 13 
11012 14 
11019 15 
11055 16 
12178 17 
12188 18 
12191 19 
12195 20 
12204 21 
12208 22 
12215 23 
12217 24 
12221 25 
12232 26 
12236 27 
12246 28 
13353 29 
13369 30 
13386 31 
14580 32 
14592 33 
14621 34 
14627 35 
14639 36 
15763 37 
15780 38 
15808 39 
15821 40 
15858 41 
15878 42 
16967 43 
16971 44 
16971 45 
16978 46 
16983 47 
16987 48 
16998 49 
17043 50 
18171 51 
18174 52 
18208 53 
18260 54 
19359 55 
20611 56 
20650 57 
21769 58 
21781 59 
21793 60 
22972 61 
23009 62 
23028 63 
23044 64 
24082 65 
24187 66 
24243 67 
25345 68 
25359 69 
25369 70 
26516 71 
28963 72 
29006 73 
30234 74 
32566 75 
33653 76 
33657 77 
34855 78 
34927 79 
36042 80 
40885 81 
44516 82 
45749 83 
50504 84 
52861 85 
55364 86 
60143 87 
66316 88 
72360 89 
72439 90 
74864 91 
79797 92 
83413 93 
85938 94 
87125 95 
87192 96 
102937 97 
111582 98 
112781 99 
115146 100 
