1299176 1 
1560425 2 
1685078 3 
1787287 4 
1839746 5 
1946277 6 
2142910 7 
2172068 8 
2242489 9 
2242637 10 
2262093 11 
2296590 12 
2315148 13 
2350988 14 
2363807 15 
2397958 16 
2402591 17 
2458029 18 
2458285 19 
2505745 20 
2540573 21 
2595360 22 
2612062 23 
2677077 25 
2701097 26 
2719406 27 
2719588 28 
2789530 29 
2837762 30 
2855302 31 
2873793 32 
2907207 33 
2980277 34 
2998048 35 
3052348 36 
3070114 37 
3114713 38 
3133666 39 
3136752 40 
3153785 41 
3187207 42 
3187265 43 
3206094 44 
3206413 45 
3211927 46 
3258820 47 
3259610 48 
3288036 50 
3296220 51 
3304628 52 
3323518 53 
3377939 54 
3379804 55 
3396089 56 
3396256 57 
3400743 58 
3431938 59 
3479642 60 
3530457 61 
3537467 62 
3538389 63 
3609628 64 
3656418 65 
3759088 66 
3762641 67 
3769428 68 
3797029 69 
3817411 70 
3888986 71 
3900785 72 
3930907 73 
3958644 75 
3977595 76 
4024333 77 
4050390 78 
4067505 79 
4086111 80 
4129498 81 
4213431 82 
4255623 83 
4310959 84 
4339062 85 
4434017 86 
4447778 87 
4473480 88 
4527918 89 
4705840 90 
4722751 91 
4775445 92 
4812736 93 
4849596 94 
4938746 95 
5098664 96 
5209546 97 
5360059 98 
5405289 100 
