561 0 
561 1 
561 1 
561 2 
561 2 
561 3 
561 3 
561 4 
561 4 
561 5 
561 5 
561 6 
561 6 
561 7 
561 7 
561 8 
561 8 
561 9 
561 9 
561 10 
561 10 
561 11 
561 11 
561 12 
561 12 
561 13 
561 13 
561 14 
561 14 
561 15 
561 15 
561 16 
561 16 
561 17 
561 17 
561 18 
561 18 
561 19 
561 19 
561 20 
561 20 
561 21 
561 21 
561 22 
561 22 
561 23 
561 23 
561 24 
561 25 
561 25 
561 26 
561 26 
561 27 
561 27 
561 28 
561 28 
561 29 
561 29 
561 30 
561 30 
561 31 
561 31 
561 32 
561 32 
561 33 
561 33 
561 34 
561 34 
561 35 
561 35 
561 36 
561 36 
561 37 
561 37 
561 38 
561 38 
561 39 
561 39 
561 40 
561 40 
561 41 
561 41 
561 42 
561 42 
561 43 
561 43 
561 44 
561 44 
561 45 
561 45 
561 46 
561 46 
561 47 
561 47 
561 48 
561 48 
561 49 
561 50 
561 50 
561 51 
561 51 
561 52 
561 52 
561 53 
561 53 
561 54 
561 54 
561 55 
561 55 
561 56 
561 56 
561 57 
561 57 
561 58 
561 58 
561 59 
561 59 
561 60 
561 60 
561 61 
561 61 
561 62 
561 62 
561 63 
561 63 
561 64 
561 64 
561 65 
561 65 
561 66 
561 66 
561 67 
561 67 
561 68 
561 68 
561 69 
561 69 
561 70 
561 70 
2244 71 
2266 71 
2266 72 
2266 72 
2266 73 
2288 73 
2288 74 
2288 75 
2874 75 
6974 76 
10113 76 
10157 77 
10167 77 
10184 78 
11367 78 
11426 79 
29015 79 
29081 80 
29084 80 
29097 81 
29118 81 
29160 82 
29170 82 
33298 83 
33306 83 
33336 84 
33368 84 
34541 85 
34606 85 
57732 86 
57838 86 
57892 87 
57983 87 
60361 88 
62811 88 
70715 89 
70834 89 
70915 90 
70924 90 
72123 91 
83860 91 
91276 92 
91510 92 
91543 93 
91561 93 
95122 94 
95193 94 
97625 95 
206134 95 
214109 96 
239401 96 
260259 97 
269509 97 
277545 98 
282596 98 
291030 99 
483402 100 
