539 0 
539 1 
539 1 
539 2 
539 2 
539 3 
539 3 
539 4 
539 4 
539 5 
539 5 
539 6 
539 6 
539 7 
539 7 
539 8 
539 8 
539 9 
539 9 
539 10 
539 10 
539 11 
539 11 
539 12 
539 12 
539 13 
539 13 
539 14 
539 14 
539 15 
539 15 
539 16 
539 16 
539 17 
539 17 
539 18 
539 18 
539 19 
539 19 
539 20 
539 20 
539 21 
539 21 
539 22 
539 22 
539 23 
539 23 
539 24 
539 25 
539 25 
539 26 
539 26 
539 27 
539 27 
539 28 
539 28 
539 29 
539 29 
539 30 
539 30 
539 31 
539 31 
539 32 
539 32 
539 33 
539 33 
539 34 
539 34 
539 35 
539 35 
539 36 
539 36 
539 37 
539 37 
539 38 
539 38 
539 39 
539 39 
539 40 
539 40 
539 41 
539 41 
539 42 
539 42 
539 43 
539 43 
539 44 
539 44 
539 45 
539 45 
539 46 
539 46 
539 47 
539 47 
539 48 
539 48 
539 49 
539 50 
539 50 
539 51 
539 51 
539 52 
539 52 
539 53 
539 53 
539 54 
539 54 
2223 55 
2229 55 
2244 56 
2244 56 
2244 57 
2244 57 
2244 58 
2244 58 
2244 59 
2248 59 
2266 60 
2266 60 
2266 61 
2266 61 
2266 62 
2852 62 
6986 63 
8032 63 
10127 64 
10133 64 
10142 65 
10143 65 
11079 66 
11152 66 
11171 67 
11216 67 
12607 68 
28974 68 
28998 69 
29082 69 
29104 70 
29148 70 
29154 71 
29155 71 
32188 72 
32202 72 
33265 73 
33300 73 
33358 74 
41825 75 
41843 75 
42829 76 
45346 76 
55483 77 
55700 77 
57792 78 
58080 78 
59077 79 
60257 79 
70418 80 
70872 80 
70949 81 
70974 81 
77160 82 
77337 82 
77454 83 
78817 83 
82534 84 
84632 84 
84868 85 
84950 85 
85004 86 
91344 86 
91440 87 
91518 87 
91535 88 
97752 88 
98085 89 
100775 89 
101896 90 
105794 90 
107041 91 
180111 91 
182777 92 
187847 92 
213582 93 
213996 93 
221163 94 
223981 94 
234681 95 
245849 95 
251664 96 
252431 96 
253873 97 
259262 97 
265422 98 
372999 98 
431541 99 
501921 100 
